2000
769 1613
957 1759
775 568
1832 1748
712 957
1889 550
915 1492
1343 159
888 1546
1053 1563
382 1479
832 630
926 1697
343 1361
893 1396
1693 437
91 1395
1377 1615
1511 208
1737 996
1046 1089
1886 1880
1745 401
809 1319
864 385
919 16
1328 69
1259 1631
673 784
340 449
268 422
1941 1960
1447 147
163 722
680 1864
58 638
167 10
26 938
1660 1658
1491 1207
1933 617
1613 405
819 968
394 1352
401 454
23 744
1682 1082
1431 1402
992 1124
1730 1538
827 159
1524 623
1074 1246
8 954
714 1611
1964 794
517 50
1327 156
228 1785
1311 1496
1684 595
802 399
164 30
825 1271
1092 423
444 1565
1019 280
1185 1690
1617 1995
1965 1787
570 703
1031 1732
1839 166
1340 1455
271 1350
221 76
928 1577
1757 1166
210 991
1439 1662
1443 36
1831 1015
1534 568
698 568
971 362
400 1957
1288 386
387 1334
293 133
367 130
334 388
1439 176
979 1211
1312 1394
1560 452
966 1571
1869 70
36 310
511 642
367 324
441 552
261 727
83 907
781 1504
781 1877
281 540
1224 910
869 1187
1593 1181
289 1347
75 1406
1341 1694
1586 421
481 785
5 376
1576 1566
249 352
1796 694
50 553
1122 88
1638 401
953 456
1679 342
1312 853
1537 1209
1602 555
1286 405
1584 1276
1268 1405
170 1400
1275 1290
319 1625
138 1690
362 1373
1022 583
13 1173
1262 1789
1815 7
1029 1129
404 652
149 1307
907 1096
344 1082
87 1858
34 330
234 1388
1963 1396
695 1376
1057 669
1115 886
892 24
1481 327
1378 1650
552 1921
295 763
426 1325
813 1561
1457 478
991 1776
1683 558
1453 921
1905 578
946 711
1959 990
1066 1179
692 1587
770 1688
1231 1939
511 437
276 209
733 1369
708 1373
1439 1789
182 657
1379 756
326 1503
954 860
613 249
1406 1610
1355 1336
140 714
506 1414
128 733
509 37
1484 1813
152 1054
43 1994
1849 1279
1076 792
338 1432
54 718
737 371
334 1472
1343 887
701 1987
1611 50
1138 1697
531 1525
286 70
1998 779
236 431
736 256
1100 1218
365 1388
1673 1780
845 237
995 1037
812 506
520 1110
1848 944
1997 1190
567 1027
692 970
395 1153
51 1132
238 1653
1068 1373
1474 1528
259 1604
133 285
367 1583
1812 1488
377 1495
1704 1252
529 614
548 1801
1246 416
1617 1958
1031 1228
199 12
755 1629
605 1933
1266 863
570 493
1712 1592
790 1889
536 607
521 378
1989 1182
851 1382
255 591
899 565
290 1719
522 1141
1770 1268
1740 1328
1594 1703
1616 1554
909 1792
1409 1023
106 1378
1449 1819
1341 935
261 1445
1435 430
149 448
1584 1136
1242 54
913 1172
1710 1530
971 1230
753 1740
153 1122
71 1898
918 390
721 186
1016 469
1367 71
1665 1940
1515 1651
233 45
1091 1323
1648 535
304 1185
1743 649
1523 1313
699 841
703 769
1402 146
740 541
1867 1457
1611 1732
600 1928
1784 16
1802 1939
291 404
1214 893
221 1130
906 699
691 886
962 1442
1080 663
675 122
1908 708
1641 794
1916 1247
1977 1759
1975 1003
1855 1974
1927 1637
1680 1530
208 1807
613 315
1771 536
1476 546
262 49
1664 1501
1513 1478
1519 652
1887 1852
1270 1527
570 1722
150 1531
1921 1041
462 845
796 1160
870 1918
870 224
1427 1602
1907 1945
1354 1646
747 1620
717 1555
1164 1463
1626 985
1592 52
321 437
1962 1163
1465 1713
718 135
465 600
1597 1080
1389 72
790 1802
58 665
829 497
1456 491
577 643
121 1425
392 87
1793 1401
530 485
982 721
609 1444
308 459
1475 1609
1513 127
653 948
1293 1076
490 1532
677 62
401 613
610 1437
1019 134
1600 1836
1635 1576
947 1743
892 1711
1213 386
1413 1781
572 736
1830 1157
1809 868
800 1303
397 578
1432 1606
1948 311
1453 1232
1901 603
1039 171
1682 1149
194 1005
1701 1327
529 793
875 1077
1942 715
129 1984
1674 1283
349 165
556 648
1218 1927
1290 1032
1024 1531
321 1558
429 1346
928 239
265 289
1517 814
1743 1273
1535 1747
914 1786
1964 1208
1182 938
197 1591
1783 377
1727 1899
681 896
1584 1515
716 1634
1804 1294
651 232
266 525
2000 1794
141 1968
1046 942
286 1195
638 1675
989 1708
1158 1785
1522 1267
1145 1154
851 106
543 1301
335 1071
1494 1984
1561 983
1961 474
1221 1085
337 1265
344 744
1964 1755
114 344
133 1356
1970 1774
447 1370
1096 1534
1021 1421
586 737
1894 1467
474 1648
1503 468
1644 1801
684 1064
204 1608
393 1197
1938 1664
248 1448
1493 1946
1869 408
965 1222
952 294
1786 1053
1433 102
1645 1936
1588 1514
840 988
106 256
1545 760
1316 1588
896 1118
1821 667
830 1036
61 1308
1643 490
817 1927
620 391
921 979
1227 1788
269 69
1726 1897
788 445
256 198
1855 1526
1840 955
830 1183
447 1347
764 647
1683 1601
268 630
802 1223
433 1490
1 536
42 135
1240 187
1921 463
675 712
1745 131
1319 357
682 1236
108 388
607 441
1820 1806
1326 297
154 530
7 1492
138 968
103 78
983 1983
950 635
935 678
79 682
1112 228
814 545
1945 1428
1907 406
1542 214
1672 326
1300 722
1803 1049
217 527
92 108
1535 868
1652 533
965 1772
1431 1416
1927 1689
1599 1457
545 1927
29 750
585 390
840 1690
163 293
1016 1573
530 996
656 892
1079 1492
1853 1227
1482 1775
512 1094
1859 285
1035 1743
1184 3
393 1619
1313 958
1939 1323
1121 1602
487 1763
1228 244
1917 1641
1660 1097
1238 719
1938 1626
1520 1653
622 352
440 619
168 570
115 1416
1845 57
1793 1656
1975 933
1330 1635
636 817
247 848
1889 215
784 927
1334 1964
36 623
91 793
1802 1766
1774 1407
1638 1173
453 914
1496 877
874 1268
728 1698
726 1031
1135 19
436 1584
1782 1406
471 1732
573 380
406 1122
202 808
616 119
998 1053
1477 1990
1337 1235
1635 254
915 984
474 104
1548 36
883 409
1255 1546
1240 1143
522 727
1259 1523
1763 1966
1065 1991
159 1354
1927 629
1892 1894
1638 1341
1200 708
646 1985
1717 540
762 1673
1276 1736
434 1136
1558 356
1518 1825
325 58
413 396
571 446
368 1327
236 1309
1999 722
1447 1276
932 1333
1949 1840
687 977
778 927
1258 1224
1149 219
217 1086
253 1309
1870 165
1503 19
38 705
56 1232
570 1878
1457 895
1022 1733
1744 372
1578 1152
17 653
1161 1030
79 1932
1569 162
120 701
727 1471
1612 1313
651 1470
1298 504
1581 496
1124 109
1257 1963
135 92
1500 1779
123 1565
202 1055
237 268
1030 1874
805 1546
1201 1417
648 23
1143 176
1714 1848
1473 1165
959 1967
986 1289
1617 1695
158 1980
969 16
1731 230
1414 182
421 342
369 1456
133 151
1287 1693
253 647
857 1515
643 173
993 686
1055 506
1514 335
379 1445
1983 1332
1585 1338
1197 1076
774 1587
1867 708
1012 1831
297 990
1076 70
1387 174
1227 1427
1711 1265
1008 1777
226 1990
1253 554
1627 987
672 1689
781 1113
27 559
246 1050
1233 1365
737 1320
1948 1423
1858 758
1536 1695
646 470
523 665
1040 1293
450 1296
1890 368
1468 1124
533 687
1303 1951
575 325
752 1627
1153 1030
547 1843
927 1943
75 1813
147 746
1739 1392
1186 1478
1 685
1769 1352
1343 1851
726 1607
581 1594
1333 16
566 1158
1373 1091
1838 1271
897 862
1344 1154
1380 426
1398 793
1070 817
849 1190
946 1369
778 593
986 796
1818 322
627 1285
478 80
1314 37
1794 142
229 887
1618 1844
749 459
675 1637
1764 1958
1735 1754
59 1999
1738 499
1223 818
1097 540
821 1737
552 1756
1983 756
38 379
755 77
185 354
669 1008
1994 31
1021 1938
53 347
1176 913
1525 769
1123 32
134 1410
859 168
1656 54
1907 1376
753 1166
540 1683
1721 1483
1516 475
1464 657
1068 1157
644 653
1328 758
545 1353
1740 1822
1810 777
1918 1459
1755 1663
1759 576
1725 37
1144 1225
827 759
53 1113
842 1128
879 460
244 1849
1527 362
423 993
9 584
1494 1818
636 156
375 424
639 1969
1578 1720
1491 918
423 1692
1199 307
1933 564
1811 693
676 1277
585 1536
1 918
1927 591
973 548
1435 1625
739 1908
1294 685
1923 316
1690 612
1462 1053
603 1502
1375 1315
1878 480
460 1782
376 1651
1719 752
1397 1916
576 497
633 1306
538 767
1972 28
869 885
62 1477
64 1343
1018 145
1209 1187
1286 1733
1047 1529
56 511
705 790
1643 1483
1191 1837
549 1394
55 1364
241 1141
236 325
665 1858
1116 1594
1096 966
775 412
692 1069
205 611
1287 716
1055 1993
1684 1025
837 1268
1316 1657
456 562
678 1686
457 786
1272 118
41 152
643 1095
1181 1786
426 316
86 1656
395 1771
1322 999
882 1752
678 1761
173 1458
159 1881
1872 409
1925 417
346 429
1179 1385
1656 949
1768 1541
1693 752
403 85
151 1028
479 651
283 1460
1905 924
468 994
195 874
969 1224
421 404
336 1595
441 1326
116 838
1035 1147
354 428
1632 1481
1368 1110
1974 513
1613 745
857 1014
1481 1369
1334 1237
712 1380
1362 1751
1065 313
169 1967
1441 59
1495 1853
800 338
1500 739
1559 1908
1708 159
366 1882
1692 1710
718 672
276 29
5 1686
1409 1365
250 821
470 1465
749 1409
1272 1084
552 1409
739 1748
1110 1008
612 1275
1677 1456
908 1477
708 506
634 927
1028 1494
13 317
13 1427
471 12
1051 636
460 168
223 1500
283 1889
1431 1896
1379 651
1782 1456
3 392
1470 956
758 1010
1404 641
976 1056
1387 14
1697 1043
587 1615
452 1279
1762 1669
217 22
1596 1356
469 626
1524 173
1546 1896
663 254
1752 573
315 283
60 1163
1831 1330
514 330
293 1806
609 1669
293 1369
199 1744
1056 324
1014 321
689 1041
1247 1601
552 1900
258 447
1936 1769
850 325
520 1824
1380 850
907 1347
1700 539
1974 430
227 1640
193 303
1135 1565
1887 1207
1416 1340
1214 1854
183 123
1361 1005
637 1201
911 1911
414 437
1814 1526
287 969
1640 1430
1789 1835
1148 661
385 1458
1830 1689
1773 508
1076 1417
905 272
458 1411
770 1937
1782 1566
1658 946
1696 97
1661 1820
761 912
1861 842
786 1784
1172 1246
128 551
200 1065
897 1554
275 162
1880 1954
265 140
1061 1096
219 919
1603 473
1582 1578
902 1384
1075 1245
1350 319
1193 1130
1280 1254
1079 628
270 26
937 1233
936 103
1008 506
777 1400
1254 177
153 438
1367 1849
1119 1958
1743 855
420 1779
1803 34
353 1403
1331 984
1083 1931
1376 1279
676 248
1871 68
1446 630
131 247
1397 461
1430 1248
166 782
122 1717
562 694
1558 699
30 1172
508 599
345 632
1196 1081
1762 990
783 949
1814 1114
863 337
1255 1566
650 1237
1859 1692
1898 1371
886 71
853 1680
1573 757
1373 1412
693 1517
1524 1040
271 332
1876 922
1965 1291
705 1763
868 1011
1381 1483
1921 1261
374 1644
174 50
1420 538
1332 1570
1774 1394
894 406
1779 1240
147 1519
1618 71
1583 328
1105 1846
381 1805
1674 1044
1950 414
779 665
727 1272
1242 761
1421 1408
1233 455
1011 7
375 483
90 715
1893 1942
1143 859
1270 1067
1400 288
1987 36
882 1013
1513 1248
1555 1993
1421 1751
1014 1506
129 1325
203 1449
1307 685
938 527
448 708
343 1051
838 1585
657 429
236 1320
1941 860
984 1999
489 988
715 1175
993 102
791 303
1403 798
1109 1355
1515 1336
1721 1397
1650 1333
1151 1662
278 838
1410 1700
486 37
10 544
1943 19
2 339
1606 1053
1329 224
689 555
671 1040
1923 904
233 797
364 1245
939 1199
918 769
1786 231
791 70
860 1677
495 531
1453 1802
1812 973
176 102
1874 975
1800 609
1362 1487
516 804
663 1876
1442 758
1250 677
493 1887
471 1906
1637 1576
77 758
370 1856
106 1677
1355 425
1709 229
952 591
700 904
1626 996
1628 475
376 1900
1134 995
230 891
1738 1856
203 1741
1582 1969
420 124
1844 1206
96 1849
636 841
1478 255
731 1286
966 419
1049 480
55 271
1364 1416
519 508
1569 1888
560 312
531 1640
268 821
267 714
876 436
324 316
1818 84
1818 513
303 428
1407 774
1447 1691
922 1302
578 436
1041 820
1138 220
531 1014
1601 1021
649 1318
409 912
822 1581
1997 1699
1685 1633
1358 167
1454 1883
614 1411
847 1702
249 1825
1060 643
1204 1320
1957 576
1779 266
1678 207
1965 1664
1525 1496
326 1171
1252 1630
1474 1894
1553 262
1266 1083
1631 1905
398 1711
259 691
1735 1226
1898 564
581 733
1410 1713
1043 222
1376 251
475 1716
699 1556
823 1834
425 1090
370 56
1952 1747
497 1483
1528 1424
667 50
371 753
1720 1956
360 126
587 993
878 1588
1641 133
812 1692
1147 220
651 173
1188 1405
652 1858
1063 513
1414 1340
539 1488
1646 97
1331 770
905 432
1489 1595
1658 236
1101 399
1376 333
1316 1348
382 438
53 1705
1419 1754
186 318
1771 1409
890 842
690 894
1654 478
913 911
1197 1633
74 831
1506 947
829 1758
204 1690
719 1635
1666 459
1281 1096
1233 396
957 1625
1150 568
1366 1054
1183 111
900 1627
706 864
564 220
913 1302
106 20
1369 1179
913 1015
837 1846
159 633
1257 1465
702 557
1382 1902
1347 792
721 399
1678 1064
1291 1709
1042 76
841 936
1069 1551
1568 1170
678 1877
1087 401
425 400
1574 1496
1973 997
804 1794
33 861
1635 1287
676 161
1050 1967
1984 1115
313 1169
795 174
1018 1207
887 907
926 1667
1975 509
1467 1060
988 1550
723 1878
167 273
1805 1321
194 1733
1957 1724
1935 901
997 1949
1975 679
1060 926
1687 211
1925 292
360 1784
511 1832
1347 1568
1989 1574
612 1137
1843 900
725 1795
34 323
506 1412
1102 899
598 1347
1867 1191
1832 408
1723 276
469 1114
857 1874
37 1548
1430 1679
1806 1229
277 355
167 1732
1185 371
961 211
1531 1131
11 1396
587 1304
1817 1058
1394 565
1703 1853
1819 1280
1199 1499
425 1760
1847 1649
690 920
70 1162
876 550
107 822
769 1093
735 790
207 1981
867 1564
975 1831
1676 818
1328 896
974 175
1830 1292
1648 1048
1941 1422
933 804
326 1127
181 1717
296 311
1129 405
557 932
1849 1875
1258 1164
1685 478
2 34
920 150
1071 46
1994 1436
1845 301
1187 1371
819 745
325 837
453 678
898 926
1929 995
1161 227
522 217
540 232
1613 1958
1222 1570
686 1434
427 1396
1833 132
216 1473
1020 1626
680 1019
1467 1788
886 1214
405 1742
1789 433
1554 704
84 470
212 259
1809 1660
107 1416
780 736
858 1853
1482 1286
699 1356
312 1082
1894 451
1592 407
1116 941
514 1550
513 225
881 306
202 798
825 1419
48 1225
961 378
1312 462
889 338
1648 1277
1135 1537
1283 821
1796 1050
457 1136
368 346
520 561
828 1498
778 828
209 1444
1991 1449
948 1389
910 476
252 1413
758 1786
564 1803
889 999
484 1339
543 763
1998 1423
1137 1721
1894 1388
1468 295
828 1336
136 398
463 955
324 1363
432 708
783 1474
474 1859
1604 913
42 399
459 1399
703 118
1291 439
1612 171
927 1406
402 119
1036 1519
774 146
1181 1778
1931 298
211 1789
712 213
1319 498
378 1634
1034 366
740 917
1014 220
1222 273
672 1150
815 1488
836 1055
7 1783
211 1642
1835 1990
695 1375
772 83
99 1997
423 1409
314 1536
1070 1401
1587 1114
760 123
1994 1676
1604 1910
1913 1844
1106 210
1057 289
333 470
463 817
1957 1795
70 1127
583 32
824 978
770 991
606 1954
408 1231
478 1821
1310 363
519 1508
1438 1616
675 582
1331 1475
571 553
1641 204
1932 258
631 126
1273 1675
1295 1175
484 1894
779 1285
1794 242
1618 1912
1227 863
858 608
1410 670
1489 1332
493 1595
257 389
1825 1747
1915 849
353 454
646 1591
818 1407
1040 1518
319 1716
464 1070
1099 172
1578 131
1207 1337
1007 1787
1339 1210
695 1968
296 759
1215 1193
1695 1737
1679 537
413 576
415 246
1233 620
1306 241
245 1934
1244 498
1994 767
680 300
1548 154
1381 370
955 1862
1738 1784
1330 1661
1497 763
1002 628
1641 1125
25 1417
1057 1953
741 1416
763 1338
875 5
1837 1797
408 1785
461 1361
22 915
1841 789
777 1437
1185 297
427 430
265 479
460 1349
1598 1764
1795 391
306 395
401 708
1836 1698
1823 998
761 1214
1721 133
870 1756
1264 834
451 1918
1669 627
1392 1249
913 514
1675 1786
1584 1984
1378 1283
905 280
1611 594
961 1716
434 1098
1318 1038
490 1698
1462 894
19 1564
435 1011
309 1696
271 1954
519 972
904 533
908 568
1149 1451
1156 665
1396 466
1302 1633
634 178
724 666
743 1742
390 1138
1210 1147
1222 1769
1923 524
15 1944
1044 1493
414 1856
111 1278
293 999
1931 342
439 1044
1790 555
1458 1705
93 1455
1142 1728
1326 113
85 1280
482 1330
1935 1940
1708 1767
1283 1121
1868 972
622 199
93 1472
52 1716
1230 635
1347 1673
1880 1196
1555 1185
1723 348
1941 184
1177 1361
1934 947
999 967
89 827
935 1552
719 622
1223 1367
378 181
1888 1818
532 67
1910 685
647 1863
1492 939
79 257
963 1256
1114 1291
362 186
824 716
932 226
1872 116
165 1591
217 226
1212 871
226 1713
1678 1750
1343 1532
1735 1353
1753 1008
1526 1603
1956 1961
321 281
652 1403
1319 1921
1263 67
1943 189
1050 835
491 1334
480 581
875 889
1886 1223
1544 186
1301 24
1726 568
1472 245
258 307
631 170
648 781
1109 538
926 809
1682 1262
335 1205
944 1245
754 1501
1151 1002
191 993
908 227
1208 798
763 957
1803 1892
1854 864
1602 201
21 1698
95 1519
996 14
357 1491
780 1010
876 1119
198 1442
569 1307
1306 1610
1525 1350
805 1281
970 1472
1397 108
1675 463
152 127
939 230
688 1003
325 1573
767 1415
1374 340
290 1099
1727 1135
1970 1009
1128 425
1849 1723
945 1315
563 387
706 1164
411 958
674 79
1372 154
505 565
1444 1268
1186 1836
1179 605
1412 1053
151 645
997 203
1720 1745
1575 155
19 1157
1966 1260
201 445
703 57
1383 252
1610 128
413 1894
1141 463
553 1902
1965 888
1292 1568
41 1960
1919 645
1351 1837
905 67
337 1236
869 1971
413 566
456 626
1893 1920
1985 1660
1267 886
962 1927
569 1534
1022 117
1324 1760
182 108
401 1291
1881 1286
1605 338
1861 248
211 1570
452 1590
984 226
414 1630
1690 1828
503 1723
1876 1551
1966 1929
625 1521
459 784
1308 1874
519 1859
98 806
1557 896
1263 1557
640 941
1581 656
440 1519
1036 1503
484 1411
1612 1629
965 1597
1743 593
863 1628
1655 755
1657 810
897 1187
1698 1276
1738 592
173 889
45 1551
1954 200
998 960
1259 1948
605 1760
1374 587
1337 621
433 1826
735 1133
1943 820
1878 363
1528 1686
1608 1777
79 1028
1718 768
676 1437
1408 481
1450 1607
401 1610
348 989
1528 80
1645 1455
1680 855
9 55
1531 528
542 790
428 703
1615 1053
931 1148
1464 162
616 1342
1674 599
474 615
897 1035
292 820
1587 1800
1679 12
1513 736
621 483
1703 1627
1053 555
1697 818
1915 48
1569 271
1593 385
1111 719
13 969
1484 451
660 1850
243 1545
722 1017
1420 1671
1596 9
1890 810
1447 787
917 106
382 1535
1750 1286
612 1186
1117 464
1120 1953
470 788
22 396
426 1200
81 1533
744 1673
1229 1969
1189 1423
712 1608
1466 4
1819 926
312 1207
879 1427
1645 1407
187 1046
1646 278
3 1838
1867 1677
1721 189
866 1745
642 757
203 1346
1217 209
888 142
1788 1282
337 835
1094 889
1299 717
1189 27
178 1077
383 1664
77 769
558 1116
1825 1685
1589 474
333 802
1251 1621
1417 350
1719 1089
1243 1160
122 781
1372 665
621 1206
1430 1954
1492 1622
1734 1981
1526 1883
869 76
373 247
672 370
925 277
1466 1698
1718 1605
1575 807
1465 768
864 1189
1047 224
608 1348
776 1574
872 463
1133 1920
1780 1210
1158 1574
1103 1955
1322 1293
1714 494
354 1323
1343 880
1883 1802
356 652
1807 1789
929 905
532 1966
1909 1933
560 977
1220 394
634 245
615 53
1133 1698
411 1019
389 1648
651 1758
1353 1952
525 269
1307 810
1806 1569
1054 458
923 139
223 1176
481 38
48 729
1097 722
1518 1890
894 1970
527 1967
140 1289
1392 1426
312 158
21 762
98 252
1536 1301
80 996
1645 845
81 860
232 1206
391 973
538 1428
166 615
720 1878
493 1948
199 1072
578 911
891 1474
1810 894
636 1228
1515 83
500 1915
1026 378
1191 1044
472 1310
215 126
1445 1833
1656 285
917 896
292 808
498 1208
538 765
631 808
1351 1799
134 926
1405 1963
800 1516
1791 1228
1330 954
973 586
576 354
131 1230
1092 640
1111 164
1440 1499
1576 845
822 1560
1371 782
659 861
450 1394
1546 400
1181 363
773 1422
1770 178
888 825
871 1093
422 1209
190 735
1618 1746
602 202
1172 1679
1982 1371
1624 350
1289 1742
1939 1683
728 1063
563 1757
995 972
486 705
1638 259
1377 1992
1144 504
1178 734
1365 1445
1606 1880
1424 1337
407 1752
161 789
294 509
171 1256
940 327
1700 356
1313 238
1629 863
883 1964
1713 1177
113 1516
1250 1826
660 1765
1240 1387
226 955
762 1743
1005 1996
698 1760
1984 1806
509 1631
759 1576
331 1270
484 825
603 907
1579 1231
293 1660
348 1164
1936 1548
648 1998
192 672
1185 758
652 46
1703 332
747 1609
1657 985
2 1140
1965 443
1141 1502
259 1139
713 1491
841 1766
675 100
196 1451
1284 288
1171 1387
1685 1294
1323 458
1839 237
331 132
1315 1975
65 1595
1834 1433
235 800
1672 478
1023 150
436 1926
1157 1440
635 745
1404 1843
1888 1371
837 1930
660 803
1619 1501
937 482
1194 1130
1898 944
1551 1182
95 563
1273 1254
1775 1290
1162 336
1544 871
1249 861
1963 879
1982 388
205 810
558 1783
1037 470
595 520
174 1788
1112 297
49 201
711 634
253 574
1319 812
440 1819
1375 752
1047 1143
58 572
1472 460
1013 425
1221 26
728 311
108 1917
1084 1594
1705 792
1838 1352
716 355
1474 1702
1916 177
1773 878
1902 1875
1458 591
1653 739
199 196
1840 379
476 436
540 1569
1070 143
1145 820
1055 1784
45 116
48 216
1592 1397
1059 1211
1149 1359
1615 1713
583 1780
581 66
1264 1643
1635 738
1926 551
384 1088
826 1819
247 1128
1793 655
1582 736
1641 1124
1638 1627
1212 1658
792 1141
666 1177
1516 1736
193 1311
1945 255
802 1426
1546 848
971 776
1538 960
1293 519
854 583
1930 9
351 1313
420 203
204 213
259 1497
1059 844
1832 588
322 1643
219 461
1581 1777
117 1162
669 227
1866 1014
1064 869
269 1749
1248 1666
1160 1742
1010 662
1161 46
369 1020
44 928
866 1426
1884 1303
361 375
1980 1525
1043 517
326 1229
424 102
540 1338
1739 1331
1294 125
1442 263
1134 203
1501 1681
210 1399
1816 1182
1818 481
240 1247
454 1547
1716 1407
459 9
1475 1140
284 1928
1760 1425
245 1316
1592 1283
155 1041
1886 528
1166 1953
1050 935
1 541
937 1541
240 184
1582 1111
1913 99
167 98
22 318
1468 1101
143 1413
67 1634
348 1287
653 610
1700 1958
122 763
1062 774
13 462
639 1747
178 1125
1873 1258
857 63
826 1948
47 290
162 437
573 1132
1536 368
1436 865
526 1888
316 257
3 1106
1613 382
894 1220
965 439
589 1569
1731 322
1359 726
1273 734
1292 1588
1807 1406
1280 173
1196 1074
1986 1760
1126 504
1364 1363
5 502
186 1584
1977 585
912 652
1245 454
215 339
701 286
598 1296
1262 538
398 277
368 1903
1290 982
1645 1482
352 1367
133 483
543 1404
299 903
264 1272
567 1776
103 986
983 1532
1465 690
38 714
40 245
900 411
1700 471
283 395
1901 1821
983 513
639 1598
323 1946
1568 1629
346 1369
536 852
1771 1104
59 1908
758 983
1982 790
661 1918
823 105
334 800
1011 1238
683 1166
1365 709
1700 834
707 1658
302 1364
411 738
1410 1988
783 305
892 1304
75 1898
1124 1724
113 966
387 192
25 274
1898 1133
891 1676
1792 1223
1229 1851
1688 1827
13 1447
1747 556
203 1588
298 662
1895 1928
683 1964
1612 245
427 1872
747 170
1047 1483
37 556
368 355
1970 571
570 1853
1893 81
939 829
77 1168
1494 228
1644 1292
1826 1726
1848 1101
776 287
359 490
503 1217
1154 1295
842 918
45 791
1300 916
715 92
680 74
555 1110
734 1750
771 1758
1790 1489
594 1670
97 1385
1577 1700
1649 1815
1955 285
963 839
1028 1567
1652 241
394 1897
627 754
20 87
795 1499
1018 1792
1352 1579
1692 1889
754 668
704 1055
976 788
351 1282
1347 807
793 1384
870 538
615 104
810 1917
120 704
1723 1466
969 315
144 523
1996 1140
731 705
181 1878
1897 469
1637 1894
849 797
283 782
393 1852
671 1169
1482 558
839 1552
301 1185
7 622
1248 1466
1372 75
1264 1033
379 1167
1839 479
295 1406
462 250
924 366
1938 329
792 30
1110 855
1529 977
157 1832
1478 651
356 434
1759 688
1483 355
607 1041
1267 440
682 1746
1623 736
424 1724
1688 682
395 659
656 1638
1306 1262
1007 1741
1523 1747
1023 1511
958 1027
495 1214
350 1225
1296 1437
1278 29
1188 336
1573 1880
1932 412
41 627
334 392
750 1503
803 877
203 1960
1501 403
1225 497
1481 1426
1063 683
57 1251
1856 1879
1864 910
187 1815
712 982
656 1416
674 1086
1840 1943
184 68
862 331
1766 227
1309 1975
1988 1772
1606 1762
1739 530
123 73
748 342
1229 1205
1534 1016
20 567
1896 835
629 1435
318 329
102 95
1206 208
1461 72
1600 1036
1336 303
1167 927
654 1953
20 1852
1244 1762
1441 1265
1271 289
594 1941
206 642
230 1935
690 1035
1759 235
1996 271
1742 764
305 264
20 1955
400 1726
1858 296
1287 1048
1808 541
1329 574
800 107
508 1940
1888 714
786 905
655 295
1730 1784
1107 842
1860 1354
615 373
310 1146
1179 787
55 642
261 692
1169 1836
1150 1566
434 446
1851 1180
1886 1848
916 45
733 1969
1 1858
499 1244
1220 19
372 693
1131 1215
337 1533
1281 974
752 1154
469 1885
311 1603
897 965
1966 1772
1522 1555
193 1899
1001 1523
1901 1045
1685 24
588 961
1469 840
226 30
1042 1028
1848 1305
1560 867
694 1554
911 8
1409 841
124 1697
1197 1395
273 1424
151 1837
834 496
1557 788
1939 1375
1078 1460
731 1563
987 437
1596 2000
456 662
1504 1011
1340 1596
241 382
1951 1327
1177 1094
663 841
1757 1484
1076 263
504 130
249 628
1120 1897
451 208
808 517
1006 951
274 1355
831 1515
1425 1705
1776 159
930 1064
1316 306
1561 243
1816 1968
1543 455
718 1805
899 1566
1803 768
1796 1422
1917 1911
867 179
974 1536
635 776
1775 1779
50 673
1996 483
654 1803
1247 1098
13 352
1741 1259
1783 627
1411 1859
32 1633
1056 1620
513 31
1131 130
694 1262
692 1290
1461 1225
644 259
1176 1548
1787 40
1752 1014
740 1823
225 1565
500 1520
1296 108
1791 1771
1561 75
1873 870
35 780
1430 694
1857 605
832 1400
422 415
408 922
1861 1063
618 1519
427 1089
1083 1444
587 88
87 844
643 474
1516 1967
1014 855
669 1245
892 605
529 1405
359 1702
1394 549
306 88
953 345
664 559
1177 1644
608 1457
205 1426
1294 864
1650 1394
482 1560
1830 204
1600 1128
1945 918
896 450
1890 529
1376 151
572 1669
954 312
241 360
43 1956
1092 648
1057 119
1957 1574
1296 1021
1614 856
178 1594
397 390
1303 1550
715 730
387 1597
1330 318
726 1013
90 1746
1389 1324
268 1551
1212 830
679 122
1929 1633
1086 963
185 676
1969 221
1092 260
1007 1783
336 968
1682 241
1311 625
248 1721
1515 919
84 189
677 1423
585 1758
966 376
802 1868
1816 45
1408 1695
74 503
133 1591
1291 1651
868 128
320 801
1757 1809
172 501
913 1852
896 14
1596 1578
537 1784
947 928
182 959
608 1377
260 1450
1969 1126
1133 430
1521 1760
93 385
1075 1772
594 1609
919 1505
1347 29
1430 633
255 614
901 816
1878 1580
546 1483
1177 436
351 1347
1057 1195
1242 632
1992 1731
1942 1218
1513 1773
778 1797
1178 1760
47 1963
616 1256
486 502
1487 720
479 1468
43 263
206 284
1283 1367
531 977
1651 1892
1339 1069
1400 270
349 364
1419 948
706 57
944 1075
1958 975
470 512
485 1181
791 63
918 888
649 143
1071 1428
1133 1145
1793 1552
633 1137
1575 248
404 291
267 605
1426 378
982 1139
1565 1036
201 75
312 1549
1064 1545
1584 1519
326 802
189 1326
1199 1764
209 785
104 164
1229 1697
470 1337
711 1248
915 1725
471 1340
642 1183
1339 1205
1553 769
891 1069
747 1115
1336 1047
1788 665
49 853
333 566
1595 897
870 1895
411 283
999 661
1991 1856
396 77
932 1009
1142 1743
790 720
98 1098
96 625
171 1981
996 140
876 1450
698 684
1158 1966
1570 893
1403 1377
47 1977
1977 1202
615 1158
601 56
1044 510
827 1616
1161 1437
1429 905
455 261
1933 1149
1932 958
167 330
481 394
1421 191
64 1533
1018 524
483 1179
14 203
1641 1166
1489 1478
588 865
187 789
1184 1684
1790 1172
1825 699
1526 1242
1060 1102
1647 1184
484 16
1615 253
1619 246
1034 1633
826 359
883 311
1164 1948
522 1571
1456 519
1185 479
1885 1126
1296 1324
389 1759
446 826
1390 863
1724 1611
1603 1879
805 881
1396 865
23 707
96 1926
1111 885
2000 1711
982 646
1190 1558
789 461
1602 1745
1784 1588
756 954
764 413
985 997
407 1692
52 468
1545 9
1107 1093
1145 1716
247 1473
518 1549
778 695
1722 781
545 715
873 755
1817 1878
1394 1707
1226 1730
623 12
626 493
438 55
761 1412
1950 206
83 602
1903 896
680 520
1564 1
509 557
1270 102
1988 993
1608 837
1261 86
1814 1719
16 522
1449 815
1090 523
477 1781
1327 842
731 1124
487 1104
1354 1463
1426 1439
625 848
1903 1389
1513 1908
505 562
1004 1869
1412 740
1927 632
511 890
462 1763
1079 1464
1034 1961
1680 1456
1877 1205
1073 1340
151 337
1258 1229
887 1629
286 424
412 1941
554 1432
1693 1868
275 1442
403 941
1472 516
423 444
1116 1388
1353 697
1079 548
1779 1938
1275 1490
1151 1978
154 1282
1034 1985
695 940
1751 1991
171 646
1073 1700
1126 1710
1113 637
104 120
1223 949
1559 703
302 458
378 737
1334 1979
847 1158
996 55
1760 383
323 80
1081 725
418 1617
1855 1409
422 612
575 1958
1877 441
901 1450
41 1966
266 935
817 829
1978 285
1331 2000
185 1434
789 772
1555 1428
485 349
1393 495
1160 1880
1416 290
1931 1375
192 205
1206 880
1563 1616
892 866
492 817
994 600
888 896
1224 1860
1531 541
1827 1647
1938 311
1961 960
264 1262
409 1885
1479 142
1414 1926
1655 860
1785 370
186 323
724 349
1904 1814
304 1921
1956 1229
1628 1044
345 1857
1305 1288
1291 522
1773 55
1098 753
656 489
912 745
1869 1636
1653 476
992 1810
917 579
699 1008
1328 1984
1440 191
545 1959
841 780
16 999
1984 1691
791 223
1081 812
711 1636
717 1116
1584 96
992 677
1339 1707
688 56
284 1337
1348 673
157 219
1636 1981
1884 856
139 173
1340 958
959 913
1080 355
620 100
622 949
1950 1766
1331 82
1792 1728
586 1284
1982 1751
366 429
403 421
1110 73
1972 1395
782 980
1545 198
73 473
1632 1583
1015 113
562 143
1757 1790
1796 465
1410 564
363 502
677 19
1801 1002
475 330
917 415
1471 279
900 1432
1537 1118
46 808
69 680
1594 748
124 1394
1948 1329
953 1745
311 170
609 908
42 1872
724 1022
1775 1919
1952 360
1877 1106
1499 289
567 1168
1997 1239
1869 599
1669 875
1249 282
700 1418
1691 1676
703 1370
39 914
1025 1989
1133 242
432 1012
982 1259
143 912
1639 1320
1621 856
777 1178
448 1978
601 740
1265 701
1003 1532
917 1768
1449 1725
170 276
1314 1935
1628 1498
90 1734
1045 1191
269 1471
1319 738
213 1971
624 807
1844 632
1494 652
821 1758
1229 753
510 1759
326 1805
1626 1351
1933 1609
1788 1927
539 1762
1701 930
154 780
1019 1174
1080 1311
1775 716
637 731
53 795
1159 588
496 1506
1934 536
1423 1857
1315 1096
298 345
997 142
1682 1670
1078 466
416 1706
1298 1129
676 323
1562 369
808 518
238 1204
1759 1849
1639 264
1713 398
350 141
1899 16
1037 886
545 1048
561 531
1831 1
1320 779
1948 694
92 1256
666 1406
1845 229
1421 104
562 41
1918 1651
265 626
1375 1468
1485 1452
1662 853
997 497
1538 8
1367 171
70 1855
969 1513
1967 649
1126 1115
1365 838
1241 1654
965 771
1191 1396
1501 753
1835 42
793 229
924 1014
1537 676
924 1640
1721 71
125 1377
762 1730
1099 705
898 1538
1122 1263
1035 1715
1715 1931
853 1235
577 692
1297 1647
1101 472
140 1120
654 1811
1660 163
683 1056
389 783
1460 307
434 1823
1171 832
271 944
1252 96
1660 735
1553 582
34 1269
930 1854
966 544
1602 298
1233 1922
257 965
1536 196
1720 342
1572 1684
822 99
1011 925
901 1926
1401 1317
1784 54
500 116
708 1713
1957 1005
407 1890
1135 92
470 1235
33 1861
237 1203
1415 11
1552 83
612 738
387 1287
799 604
1959 590
1971 1054
909 1378
987 411
1831 1440
74 1453
1359 990
630 1573
832 748
1060 1210
1722 677
1152 240
841 1764
1875 1610
39 1172
649 672
444 292
173 162
1569 1784
1441 1356
1686 955
1192 1409
859 882
1002 1574
148 1470
145 641
398 1357
996 1690
1952 139
1570 1846
562 1567
1942 1505
1517 1077
1263 1274
1688 1503
1566 1115
1730 48
1685 1912
439 293
1501 336
608 1750
1987 1837
688 1853
1041 1054
1542 1589
1046 590
1428 576
57 1627
1951 227
500 164
891 541
744 1636
1442 474
150 1196
1470 585
832 1843
1622 1968
732 1711
1963 245
953 1973
532 1455
940 1398
424 1999
541 433
1083 405
103 1484
123 1237
717 506
245 127
706 739
507 777
125 783
1144 788
170 1822
1199 791
1440 1529
1887 1999
1026 1300
1324 1688
1675 1920
862 1771
1943 887
772 1389
974 591
188 1441
1186 1435
246 1471
14 395
714 392
114 911
115 1178
526 1746
744 1716
949 1225
1872 347
821 255
196 1815
1942 1828
628 1491
131 423
560 1368
1199 368
1773 683
1794 1210
49 677
599 1049
1851 929
1873 508
1431 1084
899 1495
646 64
1933 187
1528 1497
1829 1113
448 1062
1170 220
160 799
1245 99
1780 421
1742 1699
256 1027
1582 343
888 862
522 965
670 1792
1446 63
1033 1353
365 977
871 1265
1706 566
1194 520
1033 288
955 1333
1828 1745
891 691
1724 611
267 1408
534 1394
1231 1330
805 1920
811 565
1220 671
500 878
40 1666
863 1298
185 786
461 1263
1860 1198
997 302
1920 209
1156 1529
237 1279
698 1395
24 63
23 900
1812 1914
1277 828
943 1206
1017 1950
1406 975
930 488
323 1943
927 1171
1351 874
669 1528
928 9
1755 1214
656 398
12 695
1244 1721
1816 629
1924 673
722 1261
1254 167
1126 1128
1987 1686
171 94
1454 613
1041 426
17 628
1462 1070
768 172
1858 1024
751 614
951 1120
701 141
746 1398
1423 848
926 1138
1335 1010
1465 1610
363 202
185 1643
1085 743
1159 186
1987 1322
1844 116
939 681
691 1755
1349 344
1388 1657
1521 739
1190 503
1135 1447
1023 1571
957 1188
975 538
138 328
1339 335
825 376
1434 1058
1220 816
673 582
686 1167
47 584
1479 337
1615 371
605 697
720 1485
1412 193
533 1491
131 184
1070 1265
993 1827
1436 223
1151 1095
428 128
1597 1556
1178 383
1840 385
1142 617
40 681
1090 515
632 1837
644 1018
995 774
1270 292
1952 1898
599 806
907 498
1258 1373
158 1990
680 355
2 294
1023 1181
459 62
866 594
1492 258
1111 1128
1348 1169
1702 405
1154 554
619 374
1022 700
195 1119
201 587
201 1215
1012 1636
1716 164
1115 864
1756 1189
1373 1308
894 1313
1563 315
1173 213
1657 127
329 852
1491 260
1200 1468
1555 920
465 1592
1556 327
234 1115
13 328
287 692
1882 783
1526 1204
449 1848
1287 1699
564 662
1556 867
176 810
233 866
586 336
1747 932
1693 875
775 1540
832 1425
64 1353
854 156
548 1375
1980 761
288 189
511 1921
1212 1983
1148 112
1777 1258
1651 228
911 1055
1212 783
128 171
1178 139
1072 463
1627 287
1460 1988
708 1172
1183 1407
1039 1583
2000 432
1031 1935
736 1967
1491 583
261 1164
1682 817
65 228
1597 1687
213 1861
1742 1045
661 1830
1984 9
401 1392
751 1806
1879 1208
1787 444
1090 644
1453 842
706 1350
622 1168
1544 801
1433 1477
1047 214
517 1010
1675 867
1309 161
1842 1501
1495 1525
1167 1437
1690 1834
322 856
1336 1259
1469 1392
1766 1701
1824 1664
829 1330
1421 696
1496 1062
604 1673
1172 33
1216 1836
664 718
1069 487
1454 501
408 268
1293 596
1296 781
1690 1996
180 1531
488 47
417 117
681 545
111 151
698 1108
1402 1591
1438 482
234 245
1782 200
823 1249
864 585
1822 1426
370 1044
1635 1282
1138 1366
1762 1843
1959 32
992 440
1377 1787
735 709
1825 1390
1826 202
685 1178
1275 1900
1168 1141
785 1273
1540 579
452 917
71 1623
805 1672
465 1724
875 1596
1838 1709
1219 1215
1475 1097
962 1029
142 1794
582 1264
240 1452
1267 85
37 1123
939 485
5 806
908 1063
397 1797
347 1162
1730 364
1568 127
96 356
1015 621
1183 448
709 1053
670 301
906 1154
1945 1501
659 1138
1908 1495
717 1101
143 1241
1449 1922
293 177
1933 26
357 1784
999 1102
600 803
876 1681
1945 897
1541 1403
405 1362
649 103
1938 1248
1762 1321
196 40
1886 1059
863 1733
326 671
885 1187
1453 1681
1202 326
729 2
696 1483
1966 790
1433 42
1875 392
1417 800
1528 1565
261 810
1459 1437
1078 1307
411 847
1863 524
1368 529
1226 876
195 1374
1815 1527
628 284
57 750
1592 182
173 1578
1173 1784
1685 1561
537 1118
1181 41
522 173
538 1686
1917 383
1680 451
1300 1639
1780 124
307 1410
19 1965
1603 16
418 1304
1161 626
1663 575
978 225
894 1359
822 1272
1564 74
533 1879
879 1152
496 1729
1348 972
1041 1622
1026 377
180 15
1084 167
1910 1568
1161 231
1901 77
1245 1887
838 1248
694 560
1638 1396
650 97
1575 1585
1296 110
512 1532
1010 1879
400 497
842 933
1235 19
1345 313
1435 1621
775 513
1383 187
1593 1990
1818 30
916 1705
1303 47
111 393
497 1211
478 530
1859 1553
800 225
1500 447
675 258
33 1081
531 371
237 35
1085 808
1416 406
222 194
99 1697
975 511
207 298
1627 1100
189 661
1629 65
1104 494
1641 1336
1067 1804
77 960
1627 672
1289 1306
1939 147
1853 1086
1407 1075
1726 329
1655 445
1213 991
293 1261
326 640
20 352
1698 675
26 11
119 1825
1459 672
1150 1299
1062 881
1390 354
1487 1169
384 54
680 1966
1006 1489
1274 609
439 1866
541 446
465 189
1024 83
1612 167
337 1867
173 1359
231 1426
1029 409
589 753
1069 1809
1620 1820
1346 1068
1492 1384
904 241
1677 1854
1808 1364
1314 1915
1647 431
1646 1693
467 158
1519 1937
1442 1531
1791 672
1687 869
606 1870
847 1781
1162 1222
706 1226
1725 1719
1264 1850
607 1593
200 977
1912 268
509 1764
1882 1395
1436 792
758 670
1935 1837
65 1123
34 1148
1173 1440
588 999
457 355
629 1801
752 1844
234 1623
397 777
1615 430
1304 202
128 1655
536 884
888 1801
1987 79
475 1021
991 1640
1399 1072
1937 1098
335 1539
1131 1951
682 53
1840 795
884 1384
320 1416
1707 1203
1889 1919
1010 1856
80 41
1376 1804
1064 1512
1586 1939
92 929
1487 722
1105 1306
1918 333
1597 1212
782 906
986 1806
363 126
1929 1327
1322 135
1275 870
1363 1189
818 998
1705 612
894 30
383 1406
952 1930
112 722
978 736
1459 1692
1183 712
980 118
1740 878
252 1994
1302 431
700 1155
1637 1043
1201 857
372 776
1024 393
1495 603
659 1994
1371 553
1189 610
966 464
1813 1688
1103 689
2 1895
1282 388
551 521
932 1852
110 1130
1384 1570
57 683
1610 240
765 1302
1670 500
1226 1816
206 148
1491 1783
1595 1500
1480 794
1166 1302
1614 252
161 1557
711 291
654 700
240 1791
805 1099
535 476
481 1933
1861 1740
1250 1874
695 1788
688 668
1498 1442
1193 1835
1761 326
345 1262
268 1515
148 591
1895 951
48 1446
62 1210
1708 1403
605 1043
292 238
237 1360
519 601
1016 365
587 1327
1174 1571
61 1553
792 936
1492 1420
354 316
1490 1932
1385 385
1793 976
144 1928
1479 1714
218 1349
823 1909
1200 725
1377 1192
830 254
1242 1709
1900 1545
1816 297
1742 1707
472 1001
1852 626
534 1815
1892 551
1008 747
934 1307
1699 1504
3 640
81 1607
1638 1608
536 615
1347 417
1300 1866
1282 406
1169 1220
1755 349
725 238
1023 851
1104 1219
60 534
6 1397
577 1892
705 815
460 741
502 1097
1684 476
444 1409
1425 995
820 8
1501 121
1285 956
679 642
1489 484
1556 1369
228 1619
1098 298
747 1724
146 836
1638 1603
1148 1551
558 1082
1661 1826
388 214
98 793
598 252
889 1461
1564 709
516 39
473 1835
1143 485
1287 335
291 1241
1912 1213
1975 1899
1798 1845
674 449
1668 880
1763 895
221 1655
697 1089
1252 163
1140 1510
1037 980
563 1995
1440 1431
135 1897
