100
50 96
11 74
60 48
87 57
48 38
25 75
1 97
68 5
10 94
61 68
8 24
76 91
49 87
63 36
13 91
62 86
40 69
24 31
68 13
17 52
13 0
57 53
62 10
14 75
50 9
10 14
53 56
21 89
10 82
30 33
43 95
32 37
87 42
67 43
43 57
5 93
51 58
77 48
36 11
78 98
65 4
61 91
71 13
49 41
3 95
75 88
46 26
79 92
43 41
18 0
17 73
50 13
79 35
64 29
11 32
57 6
23 96
29 29
47 72
77 3
71 90
67 94
24 30
91 59
80 71
8 21
3 56
6 83
17 69
84 54
6 9
11 32
20 21
42 81
92 9
