1000
572 82
453 597
629 883
774 645
929 539
985 977
727 313
828 890
117 638
676 745
49 604
569 522
715 8
827 471
534 724
962 565
157 172
395 535
898 298
750 214
417 400
4 258
372 626
798 231
608 925
281 94
340 560
982 695
913 301
326 800
813 948
682 461
714 293
616 420
516 639
41 83
927 66
720 552
86 238
69 917
392 414
7 447
125 540
865 41
727 193
355 738
244 865
417 615
823 521
600 942
958 223
533 168
446 333
360 914
810 880
173 9
491 819
171 255
961 779
541 558
624 95
551 48
678 735
851 249
880 357
520 177
548 868
868 538
825 372
88 914
203 382
394 133
459 674
992 491
947 299
184 353
159 828
389 343
687 850
995 741
785 805
395 307
259 515
386 163
78 299
997 741
718 387
847 391
70 343
642 655
896 919
828 471
578 875
681 931
444 405
134 441
942 475
134 414
183 328
973 929
312 678
561 135
559 659
617 810
959 253
326 830
212 378
678 954
892 432
207 175
105 54
920 976
787 653
811 502
499 111
807 255
131 338
371 691
777 737
324 90
729 720
919 53
290 497
466 720
873 848
124 208
945 295
853 79
445 87
480 185
652 732
14 513
843 363
964 246
960 658
636 140
378 933
753 24
742 681
211 203
61 982
155 322
777 974
873 392
854 276
625 473
77 450
115 580
723 508
482 515
649 843
84 842
229 287
144 354
677 164
631 281
851 775
560 712
692 965
799 961
195 952
624 410
139 607
317 714
441 385
352 743
288 398
66 378
486 530
713 120
803 959
240 261
361 566
776 327
679 193
996 532
856 352
387 49
673 270
591 281
536 831
858 790
128 72
736 719
944 259
319 581
347 894
627 683
386 791
294 643
102 150
772 655
106 975
45 618
276 130
68 92
60 929
212 467
389 493
907 85
