1000
581 554
28 393
872 99
265 435
926 435
430 190
126 179
802 426
323 128
573 681
827 737
630 176
783 295
580 306
574 573
816 306
205 925
410 317
217 541
419 377
989 692
703 566
567 525
269 64
108 679
479 358
852 566
348 266
216 490
405 469
672 657
749 30
649 228
369 647
228 131
398 893
97 550
730 602
450 345
99 968
316 898
940 979
88 386
822 396
425 430
195 662
549 970
846 239
158 577
382 213
547 283
368 202
807 690
284 205
515 851
352 86
167 246
249 918
859 26
65 625
700 449
530 97
819 82
728 744
79 97
364 226
826 735
508 828
249 535
872 805
821 311
144 631
711 279
362 866
513 393
7 246
791 268
173 626
459 479
239 886
320 639
176 921
895 53
774 256
685 975
875 740
558 993
480 430
2 568
362 242
309 547
254 621
765 870
56 429
780 764
711 116
22 648
261 607
300 496
338 233
614 759
720 583
960 678
698 672
499 662
845 219
764 284
72 109
122 321
824 893
161 365
108 886
635 680
416 833
670 540
181 292
977 346
420 266
984 592
179 920
559 276
177 18
498 464
99 528
131 530
225 680
645 318
562 129
741 418
156 665
153 702
769 212
857 894
403 193
569 917
647 578
640 175
311 577
891 92
578 474
467 556
358 865
93 843
30 984
48 235
46 332
449 320
371 589
274 580
856 808
953 416
266 739
60 339
717 373
595 658
16 719
558 68
180 155
109 889
42 287
886 711
850 30
553 408
455 572
832 603
735 499
146 821
521 959
943 524
231 386
205 424
139 452
400 22
622 411
177 227
635 139
61 993
939 91
814 681
593 476
863 453
693 550
945 624
166 824
235 701
528 452
734 369
494 421
670 62
689 421
292 460
206 880
208 766
245 615
868 79
341 385
964 439
374 133
106 46
799 212
574 779
885 102
890 673
653 100
659 791
744 742
491 698
765 960
380 410
453 517
295 118
808 872
379 564
573 107
753 761
790 463
747 481
737 566
269 572
123 64
451 190
72 976
58 24
606 522
844 712
975 43
227 10
124 757
534 57
822 454
9 327
304 412
414 340
345 495
298 262
558 946
979 350
812 288
165 635
123 399
644 181
518 580
195 632
734 339
723 426
78 696
103 491
274 343
188 440
441 484
334 380
617 40
374 260
745 945
768 477
105 245
24 909
974 403
580 18
347 206
877 586
649 238
455 961
102 333
152 441
500 395
29 681
832 246
144 428
523 745
414 908
661 248
133 923
309 21
298 582
109 34
192 575
762 524
773 413
34 329
446 946
886 926
979 776
15 999
477 961
325 171
772 555
74 330
773 964
636 447
737 223
226 852
849 906
78 111
596 491
952 863
347 799
860 234
812 959
482 95
58 264
443 82
310 677
707 770
791 523
266 715
524 977
724 0
282 834
192 25
146 976
734 500
761 670
681 563
499 250
821 66
730 117
698 844
344 608
318 49
796 718
856 926
8 560
736 441
497 65
733 111
857 310
439 267
111 433
411 269
701 123
660 637
673 147
190 515
701 928
173 669
698 590
485 756
513 449
507 643
282 491
96 588
37 467
758 233
974 29
211 396
446 815
739 972
60 855
306 708
290 719
342 138
404 674
770 913
659 150
152 995
760 566
886 894
156 522
545 657
292 301
295 348
786 899
334 170
830 917
754 636
43 619
916 786
622 388
318 528
50 13
978 788
607 92
530 216
488 103
355 528
459 998
19 225
140 602
337 147
467 744
275 877
708 534
218 660
413 809
163 199
433 281
599 554
547 609
897 829
863 422
311 841
386 532
786 550
913 584
576 820
7 677
321 452
961 862
654 409
963 109
885 793
581 926
561 690
160 547
607 723
763 196
691 560
794 194
937 201
150 161
199 264
119 80
639 501
181 22
19 247
118 531
433 17
178 544
942 119
675 668
231 724
304 835
586 618
489 245
795 836
516 337
706 123
342 772
362 859
141 546
269 34
186 224
555 165
300 211
161 614
959 640
485 917
260 361
768 834
218 401
405 533
626 932
878 570
880 902
941 116
597 727
456 957
554 663
238 447
439 52
350 210
425 788
662 395
25 769
449 397
385 953
778 566
922 223
461 584
258 26
813 99
17 575
248 92
530 693
574 620
358 45
0 560
203 668
518 632
396 807
593 557
827 474
775 396
18 621
108 546
342 107
277 491
284 992
136 868
582 934
872 904
718 452
701 282
939 348
232 921
233 575
252 73
379 208
255 155
947 218
312 963
658 190
274 994
4 780
638 760
618 734
80 319
715 812
376 183
