1000
1 2
2 3
3 4
4 5
5 6
6 7
7 8
8 9
10 11
11 12
12 13
13 14
14 15
15 16
16 17
17 18
18 19
19 20
20 21
21 22
22 23
23 24
24 25
25 26
26 27
27 28
28 29
29 30
30 31
31 32
32 33
33 34
34 35
35 36
36 37
37 38
38 39
39 40
40 41
41 42
42 43
43 44
44 45
45 46
46 47
47 48
48 49
49 50
50 51
51 52
52 53
53 54
54 55
55 56
56 57
57 58
58 59
59 60
60 61
61 62
62 63
63 64
64 65
65 66
66 67
67 68
68 69
69 70
70 71
71 72
72 73
73 74
74 75
75 76
76 77
77 78
78 79
79 80
80 81
81 82
82 83
83 84
84 85
85 86
86 87
87 88
88 89
89 90
90 91
91 92
92 93
93 94
94 95
95 96
96 97
97 98
98 99
100 101
101 102
102 103
103 104
104 105
105 106
106 107
107 108
108 109
109 110
110 111
111 112
112 113
113 114
114 115
115 116
116 117
117 118
118 119
119 120
120 121
121 122
122 123
123 124
124 125
125 126
126 127
127 128
128 129
129 130
130 131
131 132
132 133
133 134
134 135
135 136
136 137
137 138
138 139
139 140
140 141
141 142
142 143
143 144
144 145
145 146
146 147
147 148
148 149
149 150
150 151
151 152
152 153
153 154
154 155
155 156
156 157
157 158
158 159
159 160
160 161
161 162
162 163
163 164
164 165
165 166
166 167
167 168
168 169
169 170
170 171
171 172
172 173
173 174
174 175
175 176
176 177
177 178
178 179
179 180
180 181
181 182
182 183
183 184
184 185
185 186
186 187
187 188
188 189
189 190
190 191
191 192
192 193
193 194
194 195
195 196
196 197
197 198
198 199
199 200
200 201
201 202
202 203
203 204
204 205
205 206
206 207
207 208
208 209
209 210
210 211
211 212
212 213
213 214
214 215
215 216
216 217
217 218
218 219
219 220
220 221
221 222
222 223
223 224
224 225
225 226
226 227
227 228
228 229
229 230
230 231
231 232
232 233
233 234
234 235
235 236
236 237
237 238
238 239
239 240
240 241
241 242
242 243
243 244
244 245
245 246
246 247
247 248
248 249
249 250
250 251
251 252
252 253
253 254
254 255
255 256
256 257
257 258
258 259
259 260
260 261
261 262
262 263
263 264
264 265
265 266
266 267
267 268
268 269
269 270
270 271
271 272
272 273
273 274
274 275
275 276
276 277
277 278
278 279
279 280
280 281
281 282
282 283
283 284
284 285
285 286
286 287
287 288
288 289
289 290
290 291
291 292
292 293
293 294
294 295
295 296
296 297
297 298
298 299
299 300
300 301
301 302
302 303
303 304
304 305
305 306
306 307
307 308
308 309
309 310
310 311
311 312
312 313
313 314
314 315
315 316
316 317
317 318
318 319
319 320
320 321
321 322
322 323
323 324
324 325
325 326
326 327
327 328
328 329
329 330
330 331
331 332
332 333
333 334
334 335
335 336
336 337
337 338
338 339
339 340
340 341
341 342
342 343
343 344
344 345
345 346
346 347
347 348
348 349
349 350
350 351
351 352
352 353
353 354
354 355
355 356
356 357
357 358
358 359
359 360
360 361
361 362
362 363
363 364
364 365
365 366
366 367
367 368
368 369
369 370
370 371
371 372
372 373
373 374
374 375
375 376
376 377
377 378
378 379
379 380
380 381
381 382
382 383
383 384
384 385
385 386
386 387
387 388
388 389
389 390
390 391
391 392
392 393
393 394
394 395
395 396
396 397
397 398
398 399
399 400
400 401
401 402
402 403
403 404
404 405
405 406
406 407
407 408
408 409
409 410
410 411
411 412
412 413
413 414
414 415
415 416
416 417
417 418
418 419
419 420
420 421
421 422
422 423
423 424
424 425
425 426
426 427
427 428
428 429
429 430
430 431
431 432
432 433
433 434
434 435
435 436
436 437
437 438
438 439
439 440
440 441
441 442
442 443
443 444
444 445
445 446
446 447
447 448
448 449
449 450
450 451
451 452
452 453
453 454
454 455
455 456
456 457
457 458
458 459
459 460
460 461
461 462
462 463
463 464
464 465
465 466
466 467
467 468
468 469
469 470
470 471
471 472
472 473
473 474
474 475
475 476
476 477
477 478
478 479
479 480
480 481
481 482
482 483
483 484
484 485
485 486
486 487
487 488
488 489
489 490
490 491
491 492
492 493
493 494
494 495
495 496
496 497
497 498
498 499
499 500
500 501
501 502
502 503
503 504
504 505
505 506
506 507
507 508
508 509
509 510
510 511
511 512
512 513
513 514
514 515
515 516
516 517
517 518
518 519
519 520
520 521
521 522
522 523
523 524
524 525
525 526
526 527
527 528
528 529
529 530
530 531
531 532
532 533
533 534
534 535
535 536
536 537
537 538
538 539
539 540
540 541
541 542
542 543
543 544
544 545
545 546
546 547
547 548
548 549
549 550
550 551
551 552
552 553
553 554
554 555
555 556
556 557
557 558
558 559
559 560
560 561
561 562
562 563
563 564
564 565
565 566
566 567
567 568
568 569
569 570
570 571
571 572
572 573
573 574
574 575
575 576
576 577
577 578
578 579
579 580
580 581
581 582
582 583
583 584
584 585
585 586
586 587
587 588
588 589
589 590
590 591
591 592
592 593
593 594
594 595
595 596
596 597
597 598
598 599
599 600
600 601
601 602
602 603
603 604
604 605
605 606
606 607
607 608
608 609
609 610
610 611
611 612
612 613
613 614
614 615
615 616
616 617
617 618
618 619
619 620
620 621
621 622
622 623
623 624
624 625
625 626
626 627
627 628
628 629
629 630
630 631
631 632
632 633
633 634
634 635
635 636
636 637
637 638
638 639
639 640
640 641
641 642
642 643
643 644
644 645
645 646
646 647
647 648
648 649
649 650
650 651
651 652
652 653
653 654
654 655
655 656
656 657
657 658
658 659
659 660
660 661
661 662
662 663
663 664
664 665
665 666
666 667
667 668
668 669
669 670
670 671
671 672
672 673
673 674
674 675
675 676
676 677
677 678
678 679
679 680
680 681
681 682
682 683
683 684
684 685
685 686
686 687
687 688
688 689
689 690
690 691
691 692
692 693
693 694
694 695
695 696
696 697
697 698
698 699
699 700
700 701
701 702
702 703
703 704
704 705
705 706
706 707
707 708
708 709
709 710
710 711
711 712
712 713
713 714
714 715
715 716
716 717
717 718
718 719
719 720
720 721
721 722
722 723
723 724
724 725
725 726
726 727
727 728
728 729
729 730
730 731
731 732
732 733
733 734
734 735
735 736
736 737
737 738
738 739
739 740
740 741
741 742
742 743
743 744
744 745
745 746
746 747
747 748
748 749
749 750
750 751
751 752
752 753
753 754
754 755
755 756
756 757
757 758
758 759
759 760
760 761
761 762
762 763
763 764
764 765
765 766
766 767
767 768
768 769
769 770
770 771
771 772
772 773
773 774
774 775
775 776
776 777
777 778
778 779
779 780
780 781
781 782
782 783
783 784
784 785
785 786
786 787
787 788
788 789
789 790
790 791
791 792
792 793
793 794
794 795
795 796
796 797
797 798
798 799
799 800
800 801
801 802
802 803
803 804
804 805
805 806
806 807
807 808
808 809
809 810
810 811
811 812
812 813
813 814
814 815
815 816
816 817
817 818
818 819
819 820
820 821
821 822
822 823
823 824
824 825
825 826
826 827
827 828
828 829
829 830
830 831
831 832
832 833
833 834
834 835
835 836
836 837
837 838
838 839
839 840
840 841
841 842
842 843
843 844
844 845
845 846
846 847
847 848
848 849
849 850
850 851
851 852
852 853
853 854
854 855
855 856
856 857
857 858
858 859
859 860
860 861
861 862
862 863
863 864
864 865
865 866
866 867
867 868
868 869
869 870
870 871
871 872
872 873
873 874
874 875
875 876
876 877
877 878
878 879
879 880
880 881
881 882
882 883
883 884
884 885
885 886
886 887
887 888
888 889
889 890
890 891
891 892
892 893
893 894
894 895
895 896
896 897
897 898
898 899
899 900
900 901
901 902
902 903
903 904
904 905
905 906
906 907
907 908
908 909
909 910
910 911
911 912
912 913
913 914
914 915
915 916
916 917
917 918
918 919
919 920
920 921
921 922
922 923
923 924
924 925
925 926
926 927
927 928
928 929
929 930
930 931
931 932
932 933
933 934
934 935
935 936
936 937
937 938
938 939
939 940
940 941
941 942
942 943
943 944
944 945
945 946
946 947
947 948
948 949
949 950
950 951
951 952
952 953
953 954
954 955
955 956
956 957
957 958
958 959
959 960
960 961
961 962
962 963
963 964
964 965
965 966
966 967
967 968
968 969
969 970
970 971
971 972
972 973
973 974
974 975
975 976
976 977
977 978
978 979
979 980
980 981
981 982
982 983
983 984
984 985
985 986
986 987
987 988
988 989
989 990
990 991
991 992
992 993
993 994
994 995
995 996
996 997
997 998
998 999
262 921
340 147
841 171
656 193
564 341
100 521
732 144
238 972
199 970
658 734
557 134
560 691
928 505
332 756
916 636
851 712
362 269
455 579
496 772
184 892
708 521
157 744
742 970
944 969
293 902
789 889
382 637
277 203
377 633
621 290
442 742
491 895
904 205
188 343
985 940
504 684
864 865
276 466
501 656
450 676
333 269
563 870
842 663
888 203
148 577
286 760
561 485
946 571
202 493
612 493
938 948
940 364
857 901
139 221
314 161
478 488
901 398
500 875
674 278
613 435
172 117
173 275
768 462
335 326
477 975
926 120
294 564
835 815
602 896
287 422
653 994
945 808
244 795
723 148
947 451
270 705
627 282
761 532
591 238
971 126
993 603
919 750
621 300
486 969
395 165
698 102
997 193
860 584
107 882
345 979
743 863
542 198
485 564
531 582
666 300
434 847
662 642
434 924
515 421
143 297
854 862
409 555
421 371
628 474
486 555
628 860
348 291
915 162
337 177
531 216
217 896
838 645
444 282
806 691
802 131
404 825
189 726
244 188
348 999
442 582
794 343
522 285
270 922
458 816
548 663
620 667
725 975
837 477
965 547
574 947
760 968
258 443
390 173
277 475
552 842
412 513
884 823
262 764
312 699
803 696
832 501
188 293
515 960
488 949
370 713
527 562
134 230
786 225
190 255
357 233
316 720
533 278
177 425
311 720
458 996
970 519
486 323
313 709
289 516
972 119
989 354
815 974
884 154
980 711
252 496
247 462
144 746
288 737
994 391
346 500
205 278
419 600
167 193
329 612
658 724
849 528
407 951
324 347
340 772
174 568
113 528
612 172
278 577
404 489
951 138
763 580
369 853
617 754
159 412
911 820
721 501
812 439
522 900
344 593
819 179
421 660
356 630
214 644
112 682
156 133
634 502
196 501
776 269
967 307
915 398
294 528
587 922
177 580
249 358
835 384
873 184
107 222
978 613
644 544
460 671
107 868
235 469
567 501
600 597
878 671
660 731
321 452
560 876
104 366
586 471
507 172
485 544
826 253
492 982
779 720
167 933
649 166
839 334
204 916
206 357
295 458
273 129
830 325
453 789
410 226
571 201
492 820
142 673
951 302
173 233
820 851
874 506
829 889
990 120
374 860
501 959
882 614
462 704
231 276
505 136
270 133
203 130
391 246
856 826
425 243
261 464
250 677
927 421
213 939
406 291
822 148
283 844
918 638
734 695
938 307
347 707
368 336
183 640
903 741
919 113
222 759
654 375
721 484
711 290
882 633
391 900
298 582
706 230
477 213
736 979
875 856
356 895
446 758
398 119
916 890
472 747
781 743
352 505
263 129
692 784
657 377
749 694
453 622
669 404
453 335
174 598
409 799
105 121
913 125
549 337
413 632
926 924
103 610
207 556
134 197
371 318
874 273
930 973
935 972
720 589
866 884
987 281
910 880
280 154
254 570
647 857
832 493
369 745
146 898
667 241
762 370
226 902
211 102
937 835
934 524
747 562
453 741
883 599
174 334
398 252
971 392
945 109
793 684
395 400
486 756
335 517
862 249
844 310
552 328
820 980
123 944
381 245
230 778
656 821
550 512
450 130
687 365
939 710
932 256
892 955
750 137
302 216
651 975
500 795
711 361
886 534
467 602
551 439
964 354
119 423
937 499
365 844
726 156
804 193
510 160
865 953
848 933
733 357
585 241
271 422
773 643
238 696
148 509
239 273
343 187
107 767
326 631
533 773
312 639
448 176
989 326
362 588
567 620
159 838
319 108
223 469
446 207
808 262
480 921
312 797
628 532
389 495
311 878
951 197
410 353
629 142
731 988
730 483
721 206
671 569
435 288
690 415
315 268
957 843
130 743
159 974
314 715
907 158
352 698
422 167
238 623
799 789
695 463
479 632
117 554
946 154
224 336
602 352
505 961
463 103
943 920
153 435
696 773
543 590
111 511
446 714
753 858
888 137
724 712
179 479
213 951
647 792
874 756
660 272
721 171
975 393
462 940
434 328
451 802
773 982
208 663
851 629
820 695
261 321
954 326
283 290
810 107
666 986
347 739
628 437
258 858
995 346
710 255
466 803
147 787
138 766
372 342
583 949
228 877
143 724
383 880
624 587
755 129
489 544
863 412
379 813
557 780
450 270
997 392
176 930
345 408
980 700
641 237
993 579
879 379
133 174
152 681
222 241
755 440
537 901
668 220
906 414
599 543
937 562
550 492
797 943
481 107
160 866
966 679
225 874
780 179
721 689
153 403
158 544
731 939
779 296
140 584
656 778
126 432
282 809
894 109
400 631
164 240
760 160
399 900
697 319
704 411
993 615
863 370
504 774
169 332
558 887
597 927
610 337
801 663
170 876
820 259
237 632
217 721
980 977
982 881
893 704
104 429
884 574
490 180
641 349
760 793
463 480
613 343
585 836
363 456
103 729
628 655
198 153
823 194
211 375
339 101
484 240
154 747
740 550
518 983
716 792
772 947
228 251
192 455
268 331
747 882
585 946
980 755
142 259
100 723
839 317
279 179
260 267
368 867
419 688
903 869
771 557
208 375
807 159
186 394
814 470
857 187
146 321
575 913
627 346
143 270
578 995
490 337
787 600
219 591
952 859
109 892
162 836
984 581
637 630
450 406
995 504
921 452
288 679
664 846
785 170
592 533
457 544
358 524
699 641
708 454
814 374
606 938
982 107
290 870
797 598
434 690
156 583
382 275
291 455
343 206
187 216
674 190
398 118
388 576
575 152
142 146
542 462
717 493
343 963
364 605
642 797
762 192
164 624
664 872
180 107
321 285
357 665
885 569
986 532
388 686
652 274
278 951
585 137
837 574
441 487
849 813
824 538
799 970
734 678
784 939
719 330
233 184
362 635
175 455
355 971
114 258
717 682
841 307
221 149
269 367
528 750
724 672
623 794
569 553
763 117
255 604
147 572
308 955
709 319
757 645
577 744
395 404
378 344
422 451
892 948
482 985
957 481
405 659
355 675
681 305
176 827
802 324
731 951
530 213
976 444
125 508
194 860
641 574
358 348
516 363
737 304
776 168
444 642
932 559
822 833
606 250
756 343
649 814
952 597
262 441
499 156
770 877
129 845
687 886
487 757
241 894
349 602
557 463
892 414
659 996
307 761
360 391
100 329
747 161
375 328
731 810
446 192
882 990
639 551
588 939
760 253
610 922
153 704
833 556
930 305
103 552
924 759
262 491
769 946
930 887
934 548
802 130
218 352
172 512
885 462
590 725
108 923
659 764
823 922
837 148
634 528
821 881
790 432
271 154
156 409
871 230
756 841
142 205
886 703
520 191
281 842
392 809
706 621
303 782
340 184
525 849
981 305
270 521
341 569
980 716
893 727
248 512
691 606
262 153
412 767
765 225
174 255
998 547
146 854
592 110
929 958
174 540
112 881
561 459
862 754
198 304
692 458
910 458
410 400
520 269
196 911
635 435
578 701
935 326
524 258
708 204
955 410
437 515
962 260
790 679
234 941
922 594
247 541
844 928
830 251
876 518
935 700
967 817
269 717
309 787
445 857
164 908
700 384
916 616
280 647
681 659
176 557
192 965
351 780
350 377
262 833
339 626
970 524
804 550
587 485
296 392
214 747
260 783
347 926
584 425
750 778
644 362
154 226
788 780
536 159
745 722
117 729
176 457
973 139
332 522
613 847
831 634
713 541
469 504
609 379
782 566
919 715
251 847
232 139
200 101
309 870
570 498
271 135
836 791
897 487
214 622
529 997
995 993
637 308
162 607
345 661
663 601
392 698
404 912
163 205
773 947
142 212
821 497
580 776
711 301
269 445
555 210
216 124
142 702
660 912
957 594
254 342
746 640
543 281
174 794
447 160
935 190
306 146
712 626
111 251
734 580
834 553
463 269
943 211
597 196
433 635
792 959
570 910
424 575
109 174
502 851
872 773
267 464
155 439
278 508
833 360
949 554
133 199
366 630
250 191
896 944
355 896
509 533
985 492
878 764
689 302
758 503
589 541
115 519
710 243
959 787
225 399
754 554
609 908
810 878
483 903
189 756
509 802
124 851
851 412
656 814
639 103
704 485
491 539
438 536
655 937
633 533
158 140
561 484
665 563
230 122
679 470
619 868
973 211
424 317
974 665
341 476
472 231
444 948
582 104
433 565
692 885
839 229
465 476
324 657
277 793
659 612
698 436
490 920
479 896
194 392
729 813
468 982
868 924
749 902
385 872
548 977
471 476
529 644
409 637
659 883
969 718
694 280
750 241
477 510
212 908
550 258
223 343
988 127
831 813
788 915
362 632
770 761
898 775
876 445
133 652
309 631
811 292
896 776
424 972
242 821
434 533
710 732
544 623
508 200
523 238
322 875
195 708
604 977
233 298
408 600
663 315
746 869
381 257
143 845
533 115
658 657
363 273
344 183
868 106
599 911
209 473
650 595
705 403
814 854
723 899
336 129
760 973
113 735
685 273
314 738
362 221
706 255
259 746
654 747
817 277
705 588
353 178
637 254
711 590
119 265
544 743
789 260
309 130
838 156
949 476
207 885
203 226
816 460
336 908
842 459
762 463
376 125
167 274
294 702
266 604
492 783
109 831
906 190
284 667
750 223
369 286
612 649
424 354
625 151
858 163
568 581
872 749
269 806
808 646
907 626
982 922
477 170
447 843
557 534
821 740
276 784
630 506
440 725
647 242
219 709
696 520
561 729
251 925
113 857
863 452
349 196
878 975
392 130
171 293
659 515
235 887
274 760
882 526
520 974
762 591
303 632
241 261
642 383
749 317
346 449
573 860
709 366
244 778
828 956
434 519
343 737
133 227
191 993
968 398
275 653
352 246
846 117
533 819
950 647
327 822
481 369
118 119
669 873
822 630
463 299
120 418
315 890
819 950
163 579
382 893
135 400
905 618
645 735
283 684
809 628
745 855
495 353
298 648
149 676
916 923
604 690
687 680
498 237
854 265
845 596
545 999
390 687
667 966
945 705
977 720
630 608
968 488
222 964
152 369
308 219
255 472
716 296
459 605
959 837
355 208
975 764
277 868
945 692
177 602
733 888
469 879
789 162
128 427
590 801
208 963
893 275
923 997
204 791
727 542
596 627
365 154
913 409
880 368
397 297
128 424
169 805
983 664
537 302
160 805
869 529
337 864
193 217
111 921
121 558
701 503
312 810
879 342
392 856
887 360
753 238
764 629
222 820
561 357
980 673
605 431
500 788
567 541
913 288
344 392
694 570
644 962
221 858
502 455
765 519
987 707
513 213
351 701
441 296
141 162
901 936
808 773
812 900
652 128
813 622
340 200
508 901
963 610
732 918
295 773
688 530
627 595
222 324
620 542
165 806
751 850
412 950
202 762
634 759
498 322
285 135
178 290
585 669
239 757
691 706
110 174
814 167
266 248
464 181
941 157
488 216
831 727
780 434
982 852
516 259
510 567
112 423
112 413
209 497
231 627
528 137
785 691
389 293
894 710
641 952
735 160
449 660
985 595
597 459
237 181
337 686
186 798
118 339
447 682
514 308
771 807
497 853
636 380
788 755
184 233
433 456
958 333
894 693
330 356
291 874
542 354
934 706
821 757
658 751
356 507
188 851
321 958
280 512
934 998
122 588
760 458
559 851
307 388
777 926
140 222
465 366
618 235
181 170
675 905
283 199
398 455
959 997
624 820
314 444
396 806
186 542
577 940
808 359
418 261
671 911
309 135
656 837
292 587
465 918
721 257
317 881
378 388
304 981
279 536
340 411
893 471
387 667
139 681
768 560
331 997
409 270
776 739
612 820
573 910
451 131
314 544
782 103
389 308
808 823
172 518
379 525
304 728
663 130
981 223
942 458
914 343
807 167
422 760
538 281
861 844
641 790
440 501
682 428
211 770
596 846
130 419
842 637
981 842
720 543
374 600
613 885
583 123
726 723
970 824
984 285
220 682
127 106
572 271
678 829
735 166
253 926
858 148
152 356
579 996
310 121
341 161
557 380
115 143
437 700
396 910
852 933
943 935
408 298
893 989
291 552
295 544
861 315
737 814
306 989
655 809
801 505
558 715
133 284
423 150
555 584
201 728
943 601
305 816
276 114
639 899
197 242
943 562
608 357
264 367
216 725
487 901
217 703
727 169
648 188
185 945
550 826
186 870
514 830
111 186
101 316
692 792
450 617
148 370
451 740
222 173
237 986
386 609
442 389
293 483
766 407
663 904
138 682
921 744
360 550
189 432
949 395
277 308
116 196
462 361
160 235
808 834
842 571
982 197
775 164
368 947
593 503
635 620
793 311
915 529
321 773
895 672
634 395
777 946
369 490
648 538
669 759
479 997
122 474
164 710
913 813
886 905
452 248
782 312
500 953
503 483
296 886
212 561
735 654
506 838
635 106
315 572
277 248
593 983
754 949
427 607
311 821
423 958
547 928
335 343
472 439
117 420
337 393
763 385
286 326
965 926
312 777
489 756
988 360
921 313
421 695
695 491
400 654
561 655
479 951
305 142
274 302
822 103
746 108
799 340
523 277
237 313
896 732
390 163
681 482
508 459
537 996
515 214
848 980
337 638
763 482
453 858
386 541
266 321
561 507
309 354
625 969
558 131
145 565
630 990
446 878
861 396
691 386
250 741
218 388
421 635
575 583
519 509
542 643
929 624
741 201
820 699
375 492
751 993
990 834
870 643
653 698
113 471
532 448
187 106
236 224
637 745
408 923
545 205
307 185
216 532
526 527
987 507
352 390
659 975
531 298
613 721
575 166
557 819
457 290
422 986
853 524
388 971
882 535
542 317
602 669
344 839
619 630
262 683
474 582
280 833
969 131
286 443
254 206
641 522
178 551
616 243
756 415
485 430
138 293
414 475
477 424
791 475
680 352
694 919
724 345
811 281
417 603
722 163
399 154
314 257
768 929
418 622
481 539
129 340
837 217
211 934
335 589
657 895
421 651
238 218
807 206
653 458
832 121
509 358
704 522
636 472
772 619
531 273
602 299
595 901
221 974
820 968
917 423
620 155
406 808
280 877
739 401
851 324
890 569
929 941
482 976
855 192
872 826
937 155
756 524
177 783
229 740
826 658
233 559
323 161
951 530
415 808
481 973
375 779
508 262
589 235
608 177
573 836
475 518
427 784
165 534
244 774
149 712
426 242
514 663
319 841
491 104
483 901
395 724
996 422
837 458
331 230
113 178
521 537
577 564
835 783
195 312
887 310
726 976
818 874
430 561
582 779
611 669
133 595
775 855
703 459
974 290
808 157
692 275
740 856
370 342
900 828
130 448
130 525
783 685
432 235
564 948
218 460
898 963
871 125
926 938
680 141
606 721
700 291
183 228
524 373
665 405
189 886
315 746
254 306
609 927
631 291
220 415
365 700
898 781
411 951
386 409
762 113
424 159
784 111
893 885
592 644
399 654
948 432
444 299
813 493
441 267
213 578
857 348
136 911
401 600
699 193
212 513
943 128
645 752
900 619
248 600
481 139
219 548
328 966
652 775
530 595
761 224
992 281
659 293
899 339
982 934
153 440
100 739
849 125
265 609
732 481
956 789
553 329
696 396
346 119
864 929
699 330
578 845
616 957
450 815
438 187
607 593
797 392
399 879
724 771
516 441
155 968
402 431
291 517
577 404
975 412
266 467
189 245
968 747
130 804
983 235
562 865
834 910
463 138
786 902
992 929
801 680
353 801
219 270
296 698
698 295
922 849
190 363
596 580
471 717
895 321
638 334
836 392
631 513
713 981
976 731
649 866
364 580
546 833
313 631
199 736
516 939
631 752
791 573
847 762
335 805
989 600
570 661
926 963
786 743
532 471
671 268
507 603
221 827
874 986
299 434
123 255
525 530
776 942
100 646
553 678
884 624
521 210
416 144
895 152
669 578
370 605
665 385
598 154
705 145
996 570
733 457
123 809
758 877
791 778
410 344
869 518
949 577
603 623
651 670
518 535
389 698
975 691
634 706
810 188
601 302
424 525
356 359
744 132
189 803
203 743
990 169
540 969
723 290
845 825
827 861
917 265
141 779
954 289
601 879
969 318
200 108
112 852
373 711
516 550
333 822
106 974
443 398
146 353
274 311
747 746
588 986
852 876
988 669
591 596
655 759
690 901
658 701
131 995
317 970
736 171
468 149
791 890
467 875
130 506
312 806
720 178
394 299
175 598
955 217
675 959
692 480
910 706
512 664
607 931
313 654
693 614
336 136
683 607
282 946
806 355
401 799
181 389
715 396
771 416
462 889
719 341
975 613
834 252
977 538
167 632
470 880
783 742
298 595
919 607
523 665
820 975
384 373
123 991
266 739
260 631
489 102
799 351
977 592
526 561
214 451
454 389
114 996
261 368
190 689
511 826
389 324
436 854
618 200
421 793
836 147
870 880
794 704
237 583
744 708
287 976
735 867
378 560
304 447
606 301
971 463
952 237
253 528
159 625
281 501
160 943
528 591
552 311
347 496
870 817
445 842
910 463
873 508
969 402
146 390
815 597
213 763
357 504
346 156
651 412
739 797
206 482
204 395
534 449
419 776
849 892
394 132
580 203
998 767
210 798
982 116
471 116
608 809
714 288
625 547
337 989
818 201
259 746
334 338
201 997
420 717
131 367
424 276
316 161
219 157
351 556
795 410
274 257
838 945
973 346
429 158
243 950
394 659
152 734
972 861
934 594
165 577
883 836
761 929
844 798
156 744
547 624
113 452
467 240
810 316
963 798
951 957
503 173
355 661
376 735
980 230
629 111
359 240
554 833
764 982
201 912
726 407
187 892
544 547
312 745
147 487
434 941
367 654
386 957
205 151
715 450
629 671
370 450
178 161
750 344
397 437
892 287
859 702
616 587
165 763
158 104
773 247
967 981
566 924
985 836
151 761
596 532
798 278
134 460
143 655
244 673
154 727
641 612
140 681
833 224
798 141
959 167
590 882
375 697
279 542
288 438
534 744
489 563
475 693
996 713
869 410
593 303
671 115
991 185
680 610
995 463
626 749
256 227
568 251
417 750
659 435
464 285
151 146
808 145
410 634
611 881
463 230
972 608
512 914
528 177
523 121
774 928
212 616
457 588
939 849
202 846
326 158
670 725
771 263
943 524
494 417
244 586
849 109
935 586
969 870
298 238
253 952
520 118
469 330
988 831
104 629
332 809
382 165
580 131
993 896
711 931
969 432
905 615
135 606
493 471
182 441
942 946
174 410
926 374
931 647
867 622
265 132
687 192
973 377
169 132
481 521
184 506
622 821
590 423
522 947
102 907
665 369
660 425
127 778
156 864
525 113
117 162
567 340
551 196
894 649
595 323
528 635
179 396
193 956
598 717
746 751
536 214
386 901
738 200
280 672
257 673
958 986
991 182
447 422
812 753
594 475
464 844
403 208
112 280
449 903
352 497
532 488
880 967
629 522
560 219
916 446
660 833
202 473
149 668
151 295
740 518
816 321
512 686
948 679
584 327
190 959
295 613
619 646
320 117
430 335
217 391
737 146
112 471
651 889
765 976
525 913
836 377
491 166
989 492
430 460
451 253
174 254
239 995
251 979
421 776
953 162
135 527
351 682
899 106
657 277
569 976
802 882
574 927
633 872
538 265
579 396
553 846
743 113
768 670
532 327
789 829
154 515
574 701
747 766
470 153
724 937
104 726
685 581
323 791
901 492
711 606
333 590
294 484
603 990
101 255
522 976
856 919
801 402
817 218
945 190
513 103
357 134
489 931
444 317
515 749
879 426
418 441
643 964
973 200
787 226
881 472
487 656
968 285
613 862
845 208
262 949
298 438
890 705
744 375
883 621
432 209
407 543
141 147
604 263
578 576
729 555
607 616
336 797
877 699
736 197
735 991
204 403
777 838
118 246
981 492
588 427
358 682
579 483
934 959
753 652
679 960
326 340
673 434
725 873
367 106
597 466
490 176
806 517
703 895
362 914
807 120
994 430
997 199
257 613
208 678
434 934
625 420
387 568
841 176
787 642
603 146
926 719
513 385
878 736
257 435
776 531
755 822
749 508
408 972
453 146
953 299
303 293
652 137
923 327
919 472
100 428
911 621
783 337
490 327
707 793
983 568
867 877
935 393
765 392
199 298
146 857
603 802
770 494
566 964
882 529
647 829
330 874
595 864
430 396
488 130
526 165
326 565
540 585
501 633
191 437
721 734
489 814
258 923
268 433
976 495
752 153
227 486
213 813
351 126
532 172
456 554
801 165
710 627
938 767
875 539
165 153
699 717
342 837
511 785
971 506
404 720
327 599
599 309
825 253
371 568
821 725
180 877
951 170
219 227
609 756
588 868
584 538
725 825
571 426
366 370
872 948
916 747
341 952
205 424
281 904
754 808
354 192
460 814
146 122
471 121
182 716
244 166
101 470
481 527
846 920
797 551
822 369
128 389
717 408
359 671
362 183
452 432
826 662
999 694
735 462
183 590
384 172
633 134
316 498
587 227
907 357
453 264
633 746
297 499
247 563
538 786
148 241
715 936
427 374
660 888
989 921
659 933
989 622
899 635
637 767
183 874
130 474
660 753
421 898
778 808
953 208
246 778
972 993
907 548
373 485
419 198
976 427
297 786
459 835
294 590
347 977
397 950
999 143
548 230
118 542
737 407
738 233
853 780
984 256
356 909
651 874
110 578
269 757
342 689
134 465
229 872
357 503
184 278
617 969
229 601
884 107
387 681
807 208
813 706
289 818
793 753
844 814
110 123
404 553
455 198
815 754
138 343
118 799
718 721
544 413
727 822
323 654
908 788
438 366
708 184
381 404
952 138
223 217
471 141
326 323
904 358
314 360
497 137
513 183
820 788
645 704
337 231
328 957
291 495
799 303
500 661
559 417
709 379
962 896
728 602
455 268
280 942
195 701
543 176
693 175
118 259
758 609
861 599
722 718
427 462
173 815
274 703
267 558
429 972
497 877
456 576
663 926
614 942
138 277
141 551
938 985
751 782
774 497
425 985
478 957
749 333
923 757
773 113
885 912
767 577
486 833
864 245
632 948
141 595
628 429
814 818
370 868
995 205
674 658
739 746
467 417
498 690
829 447
887 885
756 343
615 165
665 788
433 654
821 480
397 295
810 983
432 285
444 722
715 402
670 824
545 287
846 243
606 266
935 823
755 889
323 595
768 522
164 773
451 699
561 959
449 924
506 783
171 480
818 218
537 637
977 607
191 889
606 822
919 558
968 683
566 574
212 482
608 673
326 446
624 582
384 247
305 562
543 328
764 776
198 384
996 222
510 992
290 937
399 329
482 936
763 457
257 705
527 100
958 451
912 776
704 571
540 940
848 408
557 366
444 886
308 921
158 242
208 306
678 212
360 686
267 637
480 555
376 166
421 251
959 773
607 239
503 362
293 899
996 128
838 560
938 519
429 936
984 242
935 108
684 464
847 177
699 291
555 492
227 878
803 512
363 769
802 124
982 951
672 187
499 189
339 984
119 187
643 346
118 394
114 609
135 511
934 749
577 162
950 290
796 467
249 365
155 991
735 916
825 649
362 901
647 275
641 515
431 296
472 813
292 188
605 953
489 766
669 600
178 618
450 675
121 392
695 160
325 675
600 242
749 289
347 608
433 136
162 178
533 661
213 788
635 904
502 841
405 221
778 872
658 333
631 532
319 359
591 373
694 721
801 810
101 866
497 817
305 179
737 908
292 169
439 919
594 826
122 291
485 245
697 643
994 798
180 589
988 296
124 964
894 119
106 860
338 347
659 372
696 244
961 406
175 324
519 572
236 575
699 788
707 579
847 448
113 372
509 794
990 894
709 933
587 800
701 225
712 224
293 350
184 228
417 370
480 107
425 734
218 866
742 609
139 451
746 479
220 346
819 938
682 710
432 439
349 548
637 208
274 584
156 593
672 752
181 514
481 110
835 973
687 868
488 638
304 847
871 137
819 158
883 901
798 646
425 571
279 886
924 823
587 795
270 724
865 443
136 778
166 924
137 615
249 292
783 429
980 768
492 450
471 334
932 417
944 310
515 187
449 889
789 308
621 404
341 803
577 103
400 645
279 930
712 333
204 584
663 717
464 450
948 230
638 215
485 858
700 693
141 409
721 489
616 490
794 844
800 924
516 795
555 324
548 753
304 633
959 677
328 474
338 527
183 872
602 577
979 827
852 557
270 592
841 561
695 502
829 512
390 888
237 957
414 624
403 176
719 843
346 638
233 833
758 369
545 713
672 845
231 630
126 447
812 124
770 634
412 952
641 629
666 696
856 350
892 812
312 472
340 918
772 294
595 548
933 222
323 564
690 714
939 483
553 747
876 261
241 154
118 813
382 649
476 435
466 112
624 742
103 386
197 159
776 971
697 745
215 143
507 625
245 181
638 655
818 379
871 754
173 963
121 465
356 293
524 993
136 602
521 547
280 757
596 451
259 267
827 283
884 470
904 345
212 904
397 615
146 838
182 908
391 859
316 978
735 617
848 140
527 845
460 555
285 757
153 251
438 334
109 913
744 718
325 179
786 420
195 157
386 993
794 569
674 771
454 680
226 567
614 390
989 906
191 803
588 176
487 799
879 582
855 216
597 178
482 673
198 347
460 110
331 666
337 150
422 862
191 275
273 249
370 632
787 955
504 723
659 169
890 856
106 429
750 482
213 774
765 600
674 238
102 370
297 692
846 936
574 883
338 259
475 539
876 213
485 921
957 527
146 836
206 493
782 133
544 314
383 805
846 572
307 918
783 997
781 585
855 569
827 694
377 616
231 507
133 211
351 244
197 297
612 396
538 590
148 272
528 379
441 536
202 443
604 486
612 740
681 217
258 129
226 576
154 970
160 893
856 370
132 533
240 819
749 126
714 578
701 787
734 259
530 610
875 857
814 822
193 216
383 309
876 971
519 966
189 705
603 328
164 342
931 423
961 535
412 838
718 423
515 672
567 470
731 576
292 272
620 417
996 568
505 478
994 186
165 620
563 425
396 735
809 299
401 748
768 349
624 110
199 397
305 120
168 144
825 795
518 666
950 424
261 753
775 980
635 262
424 360
188 360
482 509
743 640
176 566
602 909
321 476
374 253
492 610
177 738
846 606
963 359
980 398
398 303
354 842
728 309
328 172
539 428
844 632
936 215
749 108
184 150
882 658
848 420
424 533
562 974
220 665
240 494
975 280
673 153
262 948
696 168
947 490
531 283
111 668
930 981
232 325
910 422
319 548
656 555
451 513
361 257
517 272
958 551
193 688
675 651
579 412
548 662
289 617
950 410
347 789
130 339
475 401
681 944
466 837
700 236
645 791
816 968
132 845
431 151
706 405
101 537
316 239
874 416
202 874
614 751
487 461
941 788
795 440
610 467
658 109
573 351
227 353
127 373
951 576
197 487
113 542
154 460
676 683
675 748
838 523
763 203
999 140
978 867
528 220
516 203
382 551
216 194
237 669
742 733
528 806
911 168
668 632
559 380
473 183
183 656
160 228
399 609
528 443
873 756
133 767
341 143
921 167
854 417
754 290
464 640
352 837
534 294
536 405
363 923
684 352
806 416
926 752
674 497
407 528
518 578
552 980
450 626
859 183
789 751
127 227
940 839
499 130
619 145
957 434
805 895
914 887
494 832
227 922
125 379
727 501
629 299
818 294
209 670
259 269
811 495
960 740
363 930
621 319
303 385
972 250
164 971
216 806
102 245
829 324
448 143
118 646
634 337
538 211
164 660
892 468
321 362
998 409
119 512
629 277
700 863
295 935
571 355
340 936
980 170
822 508
382 103
273 785
745 491
912 993
215 818
823 256
379 212
766 557
875 671
431 311
661 995
262 656
709 733
673 390
934 425
851 674
424 943
856 174
970 692
234 724
210 748
302 158
422 516
873 552
330 700
807 991
642 577
450 319
849 492
602 898
398 509
195 286
413 450
172 900
417 687
301 174
601 721
608 497
107 810
300 553
789 199
688 149
408 302
488 283
860 627
242 116
989 627
762 174
931 233
624 628
328 282
349 182
584 872
830 383
312 729
346 760
565 687
463 178
646 731
290 252
197 624
626 101
833 320
533 917
221 989
781 398
252 476
783 481
344 915
738 111
938 246
326 695
334 133
912 893
601 430
345 157
671 138
659 759
671 669
500 267
472 538
887 111
400 720
707 916
874 550
706 868
592 254
511 361
887 330
642 873
808 819
397 338
561 892
297 327
171 693
141 101
271 295
157 804
531 311
406 945
786 243
198 668
334 478
888 224
557 291
514 830
760 927
894 574
893 298
753 108
867 110
888 732
327 954
781 114
155 958
126 332
493 886
913 628
837 442
523 645
490 531
542 290
820 282
897 241
608 273
758 164
559 888
462 916
512 913
327 955
550 672
114 565
849 175
432 761
917 118
188 476
474 572
923 918
604 785
395 314
183 599
636 780
734 331
123 900
132 817
736 904
434 982
561 750
349 407
980 998
757 617
983 671
773 238
757 819
643 481
593 535
742 838
641 402
539 659
735 206
916 943
887 121
699 545
383 429
896 643
658 574
959 832
512 494
376 470
327 321
494 768
467 473
268 956
329 343
650 857
524 469
740 677
698 252
971 652
733 868
240 601
412 769
560 803
722 232
108 615
161 615
799 445
717 825
109 818
696 863
323 560
905 157
478 293
552 190
737 450
936 454
459 278
526 396
933 577
638 703
434 293
368 635
213 988
129 205
209 404
778 394
782 875
323 820
863 646
407 540
717 307
825 632
238 529
827 700
741 821
247 500
534 913
209 478
697 671
449 715
981 814
236 921
341 919
725 245
465 783
751 212
303 751
288 169
126 332
187 499
321 955
970 100
972 837
241 275
691 988
247 103
861 711
809 333
961 174
238 392
382 150
112 523
823 399
849 480
714 836
630 320
899 810
903 531
532 919
997 727
449 314
589 712
864 173
271 498
100 335
109 211
389 902
624 875
933 679
689 687
773 850
364 182
787 121
404 539
559 779
697 199
620 779
861 866
741 879
991 620
950 219
646 798
618 319
152 732
274 197
955 600
550 916
229 792
679 100
830 211
302 273
760 813
751 758
508 587
686 153
221 967
929 301
507 419
803 729
965 467
498 234
564 113
784 794
771 649
611 187
824 288
825 826
996 603
753 666
885 908
146 368
681 742
213 476
491 261
790 781
219 669
224 948
863 423
233 112
356 614
200 622
256 139
578 497
769 926
911 412
911 221
781 402
627 191
199 289
968 708
125 428
652 641
788 323
306 305
919 840
583 601
467 729
868 261
298 698
497 259
348 800
807 543
928 251
325 443
736 564
596 498
776 726
212 759
125 806
967 265
119 158
526 328
372 489
481 101
287 383
816 985
109 380
994 259
103 692
153 130
454 404
431 739
387 593
554 838
439 732
315 343
576 665
792 401
370 114
224 138
797 867
136 392
668 383
880 385
985 165
169 665
622 925
323 137
754 556
882 597
761 121
246 456
550 213
994 891
442 457
722 799
709 153
401 728
863 776
940 719
593 324
774 822
642 344
934 545
281 781
929 447
409 591
561 843
766 342
860 995
182 659
140 114
745 712
646 805
432 344
304 940
746 516
128 917
530 886
357 612
352 166
839 477
684 667
220 493
982 880
235 793
467 176
344 425
891 367
594 340
513 200
168 921
717 746
813 220
685 619
479 974
634 237
453 597
182 933
896 585
170 371
626 107
568 259
328 410
964 841
965 431
673 303
431 625
233 487
272 146
515 321
954 542
680 814
582 111
740 824
110 790
912 413
173 879
651 533
504 169
653 144
544 563
310 979
936 899
995 917
413 836
395 573
417 632
341 346
675 298
643 914
975 385
150 916
994 569
824 767
108 911
105 665
433 933
954 878
971 888
632 944
302 121
326 820
587 652
665 899
288 519
356 310
728 170
636 990
520 906
153 115
916 645
389 629
205 346
724 551
181 261
388 858
551 818
864 541
309 768
751 537
523 360
514 437
976 493
752 163
453 570
890 696
394 425
135 712
760 962
721 865
755 337
466 281
783 499
646 430
378 166
168 647
527 924
543 298
146 793
144 196
319 310
804 884
726 975
486 767
728 759
875 266
465 840
448 919
702 359
312 191
150 390
118 989
856 952
629 538
221 528
758 297
690 946
211 111
160 870
642 125
260 719
944 447
860 477
428 769
926 220
599 845
810 182
862 206
212 621
976 245
656 147
327 723
148 375
636 887
378 209
853 367
444 951
995 461
697 716
668 160
357 957
728 644
438 868
589 192
845 286
769 975
138 890
919 150
746 715
367 893
819 619
674 358
311 736
644 198
383 635
206 914
108 782
436 978
535 503
598 227
958 755
630 108
948 230
581 987
307 739
918 585
234 626
790 775
477 966
661 898
785 626
273 801
864 767
638 435
780 209
227 214
260 646
966 160
464 342
855 159
724 277
761 301
578 353
542 644
774 977
748 348
240 186
361 478
358 192
129 606
589 963
521 207
769 485
488 769
699 209
243 507
163 205
382 672
639 235
806 184
380 832
117 912
778 571
117 925
702 764
549 659
134 427
277 884
290 896
939 485
628 717
333 866
436 184
856 397
293 827
199 698
117 557
520 938
393 568
788 907
139 809
946 409
835 264
307 821
708 192
846 548
586 823
517 521
379 713
759 123
505 192
453 271
687 525
704 296
565 525
656 186
269 531
113 125
430 112
312 154
712 836
907 988
908 130
471 736
874 115
453 569
330 200
463 896
765 139
436 141
458 982
404 643
791 847
315 366
144 636
755 754
746 172
538 427
434 268
251 956
939 284
605 379
653 407
129 755
293 461
800 272
583 147
715 486
838 280
740 193
989 864
851 874
263 816
317 700
264 764
752 383
171 627
700 955
639 156
842 547
836 345
753 368
468 390
425 551
134 429
236 985
824 912
442 273
791 584
385 124
389 556
395 559
143 374
825 930
176 698
768 252
992 504
335 840
110 674
508 135
817 792
491 539
957 736
250 315
305 977
121 654
911 233
974 613
501 753
625 378
727 735
339 796
523 696
863 120
125 227
239 228
506 975
407 188
853 505
607 925
741 181
816 162
735 266
722 439
334 538
456 445
311 299
918 645
987 181
235 165
268 554
132 942
801 430
366 516
122 739
993 568
160 223
115 440
720 349
996 355
655 800
271 193
582 209
313 311
812 456
755 554
557 356
621 962
750 211
135 561
324 641
373 398
755 719
800 453
136 278
734 601
843 607
993 911
484 770
832 750
191 518
208 328
130 839
562 782
126 971
298 190
588 357
680 802
958 147
174 544
256 146
110 267
962 370
207 574
937 963
518 252
367 685
754 702
230 341
313 547
525 645
653 588
560 962
887 602
198 785
459 328
801 775
656 447
657 645
375 938
261 413
915 827
384 950
811 270
342 459
847 997
858 343
495 333
578 610
413 482
520 871
520 436
854 832
863 152
750 220
241 128
647 787
434 946
723 776
556 839
735 793
112 459
371 836
473 250
776 327
932 604
271 267
565 442
346 532
620 506
964 707
282 137
719 869
746 510
225 285
707 345
380 996
147 745
583 400
752 430
518 741
347 315
211 388
932 317
728 606
769 957
720 536
466 288
414 356
307 788
546 870
872 555
543 608
901 677
219 251
937 563
920 604
323 601
656 527
577 554
198 444
220 126
457 129
183 658
512 460
571 179
433 970
180 748
957 906
252 171
988 987
843 417
664 288
174 259
741 964
513 243
484 975
210 596
490 906
924 845
599 545
312 475
732 872
755 640
947 649
252 876
519 962
274 342
928 933
969 212
615 654
715 232
821 396
146 611
379 389
949 596
615 523
955 703
838 132
810 565
425 192
995 760
787 338
122 283
186 657
921 941
679 105
725 882
251 534
629 110
629 483
211 443
621 712
697 818
185 196
745 955
915 578
533 250
820 715
132 515
537 401
574 503
521 420
159 525
749 724
157 171
172 350
148 119
621 698
157 205
168 370
115 236
978 294
391 794
836 710
788 864
317 147
926 775
874 816
801 295
845 388
417 785
296 624
804 813
622 193
239 927
395 998
410 986
233 727
127 410
276 261
618 591
923 189
835 445
945 380
112 595
944 953
707 748
421 155
127 789
558 472
737 985
791 325
439 523
937 263
602 561
826 633
976 895
466 153
230 985
383 184
416 227
407 733
513 723
752 848
473 812
376 260
296 312
333 707
859 342
477 909
512 551
259 811
991 349
123 788
496 665
363 755
507 125
911 352
548 222
296 786
789 870
363 866
364 762
827 137
924 345
167 641
351 787
869 246
940 941
874 879
299 301
164 794
604 736
755 321
709 561
779 354
777 316
829 574
164 435
662 524
964 731
562 685
238 493
808 369
173 481
408 949
363 732
302 473
449 496
894 698
148 417
679 553
286 218
365 993
566 471
988 387
553 413
329 118
179 726
233 299
477 144
905 767
545 443
510 402
257 483
625 442
522 844
125 222
650 688
267 103
664 584
586 690
551 932
953 194
775 438
640 589
677 631
412 979
365 669
290 968
655 168
309 127
736 341
842 788
221 931
233 809
954 240
419 380
165 498
690 634
315 577
807 945
521 182
565 929
140 367
127 576
140 600
743 443
266 470
949 622
549 976
477 443
742 433
853 549
987 634
360 780
611 812
806 865
843 506
218 781
149 877
455 936
822 450
764 595
217 412
679 253
149 942
924 506
937 418
413 227
103 256
441 136
200 141
338 123
961 959
952 943
694 254
778 124
672 891
847 210
749 535
467 758
340 225
436 679
922 662
125 908
657 906
217 301
538 173
501 311
183 791
549 226
737 286
586 362
158 961
400 441
673 827
225 349
860 402
499 263
599 870
121 341
176 870
428 125
673 693
851 264
716 554
827 404
338 815
735 137
360 806
304 959
299 503
884 549
621 600
160 410
471 998
669 654
801 244
708 239
205 745
819 758
577 485
845 472
944 832
670 538
206 218
202 624
973 779
450 559
277 877
369 111
823 936
332 961
632 993
845 233
285 779
198 117
437 537
631 467
684 853
208 682
234 439
432 969
681 236
807 366
836 487
240 630
532 593
834 886
691 886
312 874
856 575
103 599
807 248
498 434
915 781
113 324
533 484
982 518
524 776
926 730
502 322
278 754
146 290
888 329
481 977
997 450
999 825
601 936
474 916
532 206
477 171
874 752
115 669
820 338
156 726
458 646
133 324
507 587
141 105
690 862
647 631
756 562
846 624
355 496
107 536
251 575
781 739
904 437
663 128
443 341
773 156
849 133
611 387
566 850
921 752
575 436
526 553
443 197
553 639
176 667
931 828
532 814
581 906
546 564
421 897
909 666
708 129
573 748
453 880
819 160
667 921
921 562
360 734
611 257
671 692
125 559
253 216
190 489
711 520
415 110
838 490
259 487
826 971
729 650
685 859
104 518
431 523
695 935
529 275
634 219
725 872
414 283
680 380
664 308
284 427
845 204
138 177
986 808
638 372
971 762
849 767
397 250
877 159
799 485
743 112
246 652
842 184
634 445
699 558
341 769
733 725
177 227
977 963
935 778
921 238
883 231
260 696
544 605
794 656
951 434
126 806
106 918
671 975
973 430
382 920
770 206
959 523
936 999
119 688
613 678
472 384
840 547
606 316
682 812
787 928
197 889
911 189
130 124
163 493
706 462
747 321
168 576
399 176
536 593
708 297
617 861
989 473
469 479
229 938
929 893
819 493
805 301
832 243
370 651
411 505
777 718
141 998
568 864
785 740
804 103
568 434
312 962
606 114
890 628
738 898
821 572
862 815
574 339
730 129
230 176
325 376
302 397
740 754
759 220
159 718
605 937
976 714
904 350
303 810
663 969
665 222
365 737
208 572
983 757
564 162
362 865
878 922
440 895
412 650
643 149
153 174
437 786
959 924
453 788
361 414
938 327
362 697
265 599
327 293
945 876
152 740
151 503
727 176
924 441
666 151
457 441
629 135
364 543
361 445
397 263
642 115
516 453
332 974
226 293
350 370
476 944
288 866
769 990
830 231
302 233
826 828
245 662
284 453
640 368
499 706
635 100
232 598
374 316
563 621
601 400
783 859
154 467
323 731
331 183
856 688
823 963
827 981
956 721
102 705
828 909
567 285
698 764
552 357
458 435
396 417
268 962
832 490
667 206
559 575
824 831
999 287
271 816
512 654
946 864
170 872
742 664
500 586
644 764
545 953
123 559
564 272
668 164
167 593
925 541
416 972
721 578
860 396
969 255
119 932
194 674
266 207
648 912
199 694
796 524
315 229
152 930
302 459
326 272
150 107
339 923
313 791
858 434
513 493
367 787
143 149
297 305
187 477
770 570
771 305
897 730
458 248
609 697
108 742
324 838
377 871
903 348
838 534
377 509
665 654
553 204
771 870
767 392
295 568
264 177
652 239
556 255
183 308
722 295
521 450
861 648
783 187
165 216
500 537
426 233
275 741
561 904
808 634
676 593
965 619
276 246
836 740
634 976
383 701
810 260
432 148
396 507
739 743
437 205
591 295
615 147
805 353
998 454
447 486
371 876
987 479
435 424
287 673
607 931
560 105
178 726
515 557
383 880
916 532
488 363
508 234
569 796
857 874
261 471
383 550
987 288
854 100
893 223
839 456
282 512
831 966
505 405
363 635
756 560
693 253
244 549
349 599
638 429
673 314
626 715
459 640
528 643
158 448
335 883
945 242
581 586
516 567
866 617
816 566
317 426
128 482
312 577
655 456
424 207
346 969
944 954
861 655
488 312
670 689
765 581
702 531
421 537
617 921
175 108
668 796
311 717
316 448
242 852
257 761
243 291
367 669
513 111
714 261
123 758
699 696
685 536
550 503
984 932
635 322
724 883
530 482
860 790
135 240
487 547
486 660
496 165
970 506
836 994
741 824
733 589
336 502
533 413
383 667
328 581
887 428
258 818
958 177
364 250
777 583
620 947
137 134
776 395
215 383
175 751
962 290
953 722
147 242
579 535
467 131
617 548
680 839
181 120
361 642
763 846
119 216
437 685
198 873
215 892
732 378
274 734
452 544
128 683
738 521
893 245
955 100
250 617
320 533
741 572
710 781
959 879
802 247
327 625
716 456
168 228
111 205
739 459
528 736
573 236
107 914
861 558
979 589
658 425
589 780
937 990
587 809
205 901
641 972
803 781
801 217
463 497
117 198
594 637
906 811
473 420
955 375
675 421
999 918
566 493
764 130
114 229
273 745
303 143
536 667
822 477
547 784
208 293
793 218
326 179
553 386
693 265
149 906
149 313
339 427
723 807
585 882
743 559
458 802
895 368
845 763
927 828
490 761
389 538
365 210
705 998
270 108
799 925
883 232
596 911
987 752
197 407
217 854
895 108
328 529
872 295
643 675
455 548
962 418
460 136
945 323
425 740
452 818
192 651
148 916
123 459
995 779
137 246
826 687
485 516
437 535
405 271
271 325
758 519
922 824
899 777
944 682
391 494
398 874
589 825
509 912
423 371
834 965
128 438
951 838
887 162
692 421
509 589
772 185
983 488
427 799
142 711
518 948
856 465
139 816
410 862
349 542
722 859
164 694
494 713
429 263
666 593
590 523
677 528
596 485
192 676
133 204
751 214
785 754
505 321
961 493
853 959
839 255
266 903
426 880
652 233
760 749
907 486
238 616
345 760
267 369
195 560
181 701
608 970
572 481
991 537
218 901
825 239
478 656
184 980
755 319
208 683
540 903
348 600
987 925
382 516
364 905
335 347
810 546
577 539
610 275
402 187
993 567
211 159
192 166
797 766
329 959
384 504
127 356
659 435
439 963
643 836
941 940
784 663
556 425
723 814
661 476
369 863
501 439
362 476
357 623
327 326
774 583
633 725
271 478
741 508
334 952
235 838
935 507
653 830
852 205
979 167
691 917
697 391
590 287
244 701
760 110
156 504
405 371
122 870
576 927
349 655
878 511
138 222
907 357
938 858
232 937
685 863
109 786
553 288
506 142
872 905
735 829
998 992
586 324
130 213
970 996
910 221
567 611
644 332
623 101
861 826
160 560
466 252
437 276
695 932
417 408
393 359
949 814
879 963
457 210
523 868
592 697
799 394
784 265
831 247
796 171
893 971
763 830
384 602
458 460
760 306
297 995
458 119
243 440
865 722
206 727
103 317
691 654
316 430
287 665
346 706
155 689
873 429
192 413
476 281
488 372
139 253
758 200
640 291
739 598
166 443
721 904
186 910
753 473
439 111
756 372
791 515
636 417
542 786
768 224
283 394
440 471
314 762
949 199
584 968
556 548
380 986
462 711
753 168
230 619
429 539
615 784
441 783
177 505
768 478
126 444
770 619
816 353
343 732
657 723
935 725
651 992
827 598
873 781
247 889
219 231
803 562
629 829
312 198
277 734
448 368
184 966
827 806
632 356
493 115
262 779
879 622
129 961
322 699
762 767
176 699
160 813
361 392
516 823
532 528
326 617
860 200
897 159
845 919
202 695
949 349
551 278
896 477
477 759
921 888
864 611
245 806
702 516
644 193
907 917
537 766
591 102
115 652
667 661
506 528
781 267
165 440
386 903
426 943
221 266
377 829
539 895
653 649
821 109
474 313
719 832
602 303
401 777
889 685
187 206
418 752
600 315
769 746
696 266
800 377
972 793
858 973
145 814
129 287
515 468
990 858
825 284
293 465
815 483
788 436
640 327
104 569
337 238
159 590
996 736
872 500
831 426
365 444
428 624
171 192
912 490
625 880
313 593
772 232
339 408
762 905
277 532
693 579
540 231
121 712
895 427
194 289
408 828
239 987
764 999
245 630
816 965
838 189
394 532
615 521
732 264
426 296
552 875
652 876
638 556
653 825
521 252
886 864
787 569
426 764
813 445
170 481
229 425
817 974
950 881
700 798
747 289
453 189
664 566
699 200
567 801
263 632
360 943
308 283
178 839
820 955
159 270
231 275
795 405
647 388
680 936
643 651
106 157
277 186
398 949
123 492
857 246
748 410
507 202
805 169
651 904
625 473
964 690
120 578
862 540
410 181
348 734
201 694
218 106
506 748
198 976
632 110
397 827
882 614
110 544
366 970
509 260
756 686
573 884
597 628
665 912
954 998
952 322
707 269
259 911
715 684
142 809
135 817
255 571
377 135
221 893
563 390
491 532
463 117
495 131
396 640
521 754
251 386
103 976
182 337
328 512
810 858
150 578
337 588
642 869
872 224
321 418
440 510
308 195
981 826
156 102
585 531
466 378
673 467
261 267
418 475
208 465
721 546
897 166
279 834
212 535
525 907
990 626
202 667
210 170
775 179
943 947
554 485
480 799
554 825
960 519
631 385
828 565
427 826
284 846
378 770
896 832
836 772
416 204
504 868
219 973
680 540
240 897
949 577
127 650
824 128
175 735
717 431
625 412
175 473
796 652
255 793
731 203
549 330
252 436
682 675
654 939
119 750
630 428
430 561
577 777
245 817
731 306
111 492
490 436
731 666
398 546
770 392
213 687
834 785
310 982
854 227
359 817
437 649
490 906
743 785
465 188
195 260
590 875
804 617
575 363
238 616
603 316
177 815
551 929
549 372
172 258
114 866
428 426
213 608
449 732
106 946
757 385
433 297
750 668
137 430
118 265
859 907
952 569
982 973
954 609
566 363
114 334
371 581
443 726
581 452
618 336
346 840
882 281
684 348
784 968
971 167
701 413
193 298
704 245
399 578
982 815
174 335
801 915
619 511
568 499
531 799
196 107
389 207
984 216
857 679
672 467
950 148
566 348
148 198
850 387
765 210
350 493
552 807
774 622
476 584
209 622
644 797
699 146
433 344
345 716
149 446
842 863
365 583
637 359
432 539
664 694
201 642
628 461
247 675
562 940
750 487
457 614
119 879
646 807
606 547
180 901
426 406
183 206
384 902
626 653
398 305
264 916
722 986
507 319
209 423
336 374
257 661
420 972
401 893
862 146
711 327
402 275
464 108
376 989
373 797
304 680
670 664
884 741
794 870
141 216
551 958
736 185
903 698
141 927
999 550
300 352
501 692
932 672
811 881
508 866
285 874
647 504
323 140
252 706
468 603
987 894
406 753
542 668
456 416
254 189
600 351
962 534
300 136
566 709
619 657
925 338
258 283
552 310
411 669
369 187
491 581
217 618
279 234
884 509
560 563
756 504
186 647
963 666
641 186
364 632
674 586
926 367
272 468
890 129
536 309
185 812
430 716
270 289
705 295
534 465
345 909
281 259
830 977
602 899
147 145
378 145
188 230
451 762
207 229
130 942
765 651
857 214
281 455
567 928
382 230
150 743
690 538
702 352
954 257
262 810
172 902
169 849
351 640
738 995
206 602
317 617
220 807
173 635
634 689
915 867
268 905
262 897
707 791
215 660
956 115
179 788
870 172
380 362
924 183
651 919
281 789
868 190
283 691
316 420
461 175
897 629
208 707
339 176
430 881
396 123
437 576
486 677
857 128
315 386
826 819
577 553
425 498
483 357
379 615
463 506
964 900
880 666
501 259
448 959
645 228
710 644
690 518
609 450
520 646
473 433
471 232
828 989
593 723
555 354
730 307
881 816
879 570
810 366
947 772
330 402
766 653
941 697
374 884
491 687
589 796
476 816
441 990
606 732
686 516
141 985
167 331
711 797
390 525
544 962
562 506
254 554
479 430
756 273
698 876
681 467
507 851
178 563
898 384
599 434
371 932
151 738
784 477
530 552
491 346
676 833
764 770
288 610
837 597
375 874
280 828
384 966
738 921
310 681
415 296
890 803
513 515
280 627
967 618
857 399
707 811
201 991
564 884
555 171
247 997
669 462
865 554
488 771
859 319
187 862
745 743
439 708
698 357
230 274
279 287
792 756
209 348
177 851
712 859
480 287
367 244
961 476
395 213
976 730
673 248
641 651
980 128
252 846
566 859
148 498
766 799
237 689
337 996
135 939
816 893
334 679
343 229
364 893
150 700
229 383
917 350
634 506
227 255
139 150
579 219
918 889
305 582
972 368
414 703
391 456
442 302
391 284
296 241
583 829
346 783
469 786
500 520
723 161
572 106
498 107
690 473
506 534
817 486
401 524
235 694
564 408
668 758
869 507
394 367
887 496
251 686
151 422
672 835
240 881
373 590
340 502
595 885
833 145
811 789
117 156
125 950
534 421
281 710
225 608
246 873
736 417
855 169
427 643
881 788
651 655
940 146
239 413
774 671
805 816
230 925
372 595
319 571
422 576
101 103
803 684
594 492
990 632
751 296
195 167
668 424
710 163
417 280
621 554
730 899
416 278
404 114
392 217
929 322
527 615
421 573
418 836
500 776
110 276
539 529
429 893
219 148
144 818
926 656
918 133
904 580
791 447
560 849
889 818
603 996
680 619
473 970
886 509
128 819
294 314
380 796
463 191
590 293
422 274
416 382
791 199
875 350
495 715
480 629
355 272
667 452
282 246
300 644
691 927
187 289
952 709
289 199
403 148
903 430
252 822
847 500
326 181
359 788
217 236
176 441
947 335
539 662
637 587
838 393
384 131
105 342
859 501
949 716
746 711
721 440
707 178
220 273
281 820
844 264
545 520
769 420
750 671
973 183
750 924
691 769
217 691
420 137
767 506
182 145
300 640
349 763
126 954
172 320
196 849
374 239
309 908
285 937
200 367
470 447
594 707
402 408
100 853
616 664
751 857
565 176
152 809
782 278
886 312
310 637
583 492
837 175
918 474
111 767
221 355
789 883
169 443
733 726
430 756
846 764
758 312
543 493
350 729
805 623
340 885
792 941
917 720
750 636
171 758
803 156
552 930
988 467
973 544
659 819
261 758
135 676
931 540
697 835
593 302
140 531
316 109
658 352
531 663
719 443
784 189
821 236
504 656
895 443
273 766
389 888
887 122
804 545
187 571
309 362
746 695
245 156
844 165
128 968
964 432
787 684
600 504
669 407
368 268
845 590
154 437
710 286
799 350
786 631
864 112
397 202
395 443
120 518
210 984
489 303
144 633
138 443
615 411
160 719
208 949
640 879
238 235
482 180
623 964
257 339
832 391
274 469
859 268
364 577
886 536
286 641
704 312
541 109
267 992
668 638
917 228
549 270
696 511
164 198
695 954
215 284
549 884
719 200
709 658
626 432
817 871
155 230
543 806
254 266
299 418
818 888
556 754
384 985
629 448
673 557
543 948
610 181
155 390
747 821
998 392
716 708
802 954
882 980
860 482
287 396
273 740
447 383
625 833
873 729
580 943
369 748
684 892
855 534
366 874
973 233
252 119
386 695
497 364
953 445
968 691
164 440
344 113
614 449
168 803
357 167
879 563
104 123
480 512
521 953
350 910
294 198
753 456
682 285
150 111
776 926
486 108
235 142
908 819
549 668
299 492
497 898
848 776
556 697
442 966
314 317
883 444
871 124
951 400
893 195
418 505
601 279
214 958
100 931
857 329
865 566
889 894
574 497
719 818
663 973
179 134
635 536
703 717
519 700
693 102
867 948
910 466
463 903
666 969
518 193
414 720
213 387
101 738
385 607
932 768
182 714
436 389
537 937
348 817
791 856
490 939
339 127
998 717
223 277
198 484
638 373
121 467
642 368
108 497
579 561
340 388
975 286
179 146
269 882
185 775
751 274
611 420
106 747
659 884
933 112
297 943
638 506
384 903
896 527
482 653
900 980
253 345
420 857
735 531
610 844
157 394
417 905
261 359
995 371
704 220
194 819
179 753
467 855
778 149
923 613
517 777
219 112
367 515
193 273
765 872
579 108
645 148
603 250
210 212
201 522
907 785
578 297
782 215
768 711
194 435
744 336
826 516
873 380
576 868
122 973
863 669
376 961
789 382
201 264
858 198
619 232
842 118
903 938
764 609
746 728
993 789
647 927
829 321
778 395
920 138
384 404
981 805
167 860
973 839
743 169
331 132
976 331
318 916
833 508
534 104
181 399
584 605
154 653
421 357
480 944
838 871
171 193
890 398
459 880
183 122
583 789
715 584
932 967
861 637
403 208
983 695
871 223
478 722
858 536
627 594
302 353
463 543
810 149
169 403
954 261
515 462
933 748
321 532
375 714
533 114
923 531
106 488
847 469
977 806
422 504
700 336
980 690
951 220
998 579
656 386
997 129
263 195
443 115
878 249
687 228
622 429
934 239
605 139
214 566
686 491
790 617
200 345
172 967
586 382
598 944
515 935
973 539
812 220
732 446
361 925
320 624
590 699
108 896
159 729
778 332
375 532
803 739
517 934
498 321
878 467
255 315
783 302
918 891
684 771
932 787
276 873
507 918
380 220
359 340
842 495
157 755
117 264
132 407
401 220
644 702
157 962
170 501
943 699
781 969
345 118
286 358
441 239
360 432
273 818
853 428
540 369
458 588
825 770
228 180
768 916
893 982
762 448
118 111
165 305
353 660
542 487
551 490
630 670
193 898
656 388
526 447
806 511
664 543
361 192
651 451
127 339
782 664
923 276
670 130
963 280
211 750
667 174
260 497
146 321
591 108
493 859
100 150
904 134
563 147
343 777
178 321
306 150
138 739
668 717
855 740
727 917
541 576
976 881
872 857
410 628
293 274
782 722
279 794
386 109
874 679
658 542
481 605
888 745
481 156
756 740
735 567
559 914
878 683
688 770
297 736
263 829
409 103
548 114
121 998
394 180
532 173
657 755
162 172
683 494
367 667
130 793
423 172
230 924
300 585
487 715
300 915
101 459
711 132
380 291
910 982
999 896
265 704
637 785
169 851
965 937
510 124
766 407
990 277
273 389
130 774
475 518
970 741
676 911
126 641
950 496
370 246
214 937
598 786
267 701
344 248
551 144
583 381
483 316
849 371
472 345
370 112
248 260
558 999
184 480
432 110
195 126
191 731
996 279
510 820
224 959
493 471
872 737
186 252
455 228
347 154
544 902
691 292
264 438
732 950
764 300
287 762
769 250
394 638
837 328
675 217
112 902
114 981
151 870
874 512
599 535
247 836
949 501
614 947
363 901
776 433
707 988
506 177
496 754
174 422
420 891
315 139
269 501
768 249
792 105
933 243
869 522
885 820
939 603
541 464
712 650
735 365
499 359
719 624
689 747
969 121
586 842
670 835
721 141
363 385
163 374
798 974
814 960
570 743
269 426
139 924
714 830
898 237
588 763
425 783
740 127
203 505
893 925
393 311
746 256
127 266
387 965
952 795
342 161
969 513
404 260
197 348
869 642
932 891
288 198
443 813
505 963
722 434
260 543
473 916
632 652
122 512
268 952
100 573
337 210
919 237
283 507
239 994
799 766
791 891
202 346
675 190
852 903
961 652
431 954
979 349
637 935
743 573
946 305
649 524
213 712
503 570
475 168
762 655
996 221
290 213
272 958
793 145
636 291
360 661
545 296
212 875
812 326
844 524
948 640
756 481
914 455
564 690
159 412
915 880
789 702
794 679
602 349
644 524
826 334
861 406
994 407
847 868
468 273
632 219
837 456
498 382
954 139
539 886
643 698
874 559
482 381
614 668
211 799
889 210
692 472
679 710
886 905
106 829
116 420
859 281
775 728
802 560
417 454
904 350
380 958
672 771
535 841
229 513
603 575
993 838
420 119
699 504
210 348
637 183
253 516
960 691
543 476
373 553
173 570
324 825
547 616
339 310
964 258
743 963
580 280
295 715
980 418
866 901
205 292
399 134
274 789
646 457
644 557
360 381
221 417
288 583
559 492
691 462
743 983
118 546
187 466
753 428
263 818
282 252
538 628
555 304
836 976
949 375
304 425
955 911
234 685
793 471
487 751
984 987
390 408
477 774
868 724
609 668
919 307
927 544
180 473
674 184
110 107
455 105
738 518
454 367
171 812
930 961
595 369
322 856
389 159
652 448
871 933
294 434
850 532
504 312
435 396
785 800
330 519
321 422
982 708
367 227
234 429
864 642
217 121
552 284
311 361
284 184
606 237
387 807
851 924
185 413
999 849
282 274
386 757
199 513
951 475
232 405
454 812
551 217
660 136
171 263
682 686
931 706
822 850
649 437
428 280
842 797
593 862
881 963
417 445
409 675
976 139
414 369
553 974
167 919
895 688
121 728
726 917
288 183
809 974
904 604
610 196
326 126
834 136
869 731
372 167
958 851
271 932
972 423
922 586
182 283
399 304
992 412
574 840
493 607
971 823
592 676
482 418
340 106
882 730
119 993
375 564
344 752
988 567
197 673
441 908
543 608
431 107
314 710
613 771
354 507
681 140
838 127
335 318
523 702
474 609
664 206
335 818
138 620
820 422
124 759
283 140
580 373
321 891
684 782
418 230
727 136
644 275
390 839
737 538
515 585
626 701
396 944
738 899
748 241
605 763
293 931
175 290
747 559
243 449
990 854
795 772
492 358
528 350
263 838
678 975
729 870
276 381
848 606
461 193
975 407
848 729
431 437
508 197
725 802
338 462
727 245
593 959
478 431
561 881
136 132
353 371
701 918
873 319
495 805
743 931
173 997
206 257
689 872
831 500
314 585
987 641
631 657
561 811
617 738
155 992
405 233
631 113
799 573
712 725
844 985
291 387
271 139
838 244
378 834
773 660
521 855
168 382
361 331
616 829
427 299
604 895
728 818
603 199
478 273
213 354
852 613
800 541
177 919
137 930
214 804
352 497
953 525
219 979
585 520
673 215
367 273
882 264
248 684
439 247
812 621
327 317
926 741
283 824
916 392
914 508
117 632
725 738
728 556
943 400
367 159
418 408
680 506
290 162
534 230
370 943
275 342
433 829
199 746
881 969
353 906
480 754
292 622
807 266
865 948
530 746
413 844
488 291
890 487
833 715
892 929
254 795
235 934
273 782
557 108
724 586
420 806
173 644
188 526
158 427
238 506
909 284
276 627
906 437
694 300
357 999
528 323
273 867
100 941
924 848
664 293
528 495
903 250
597 483
477 777
111 439
679 552
244 106
489 440
664 372
914 674
778 483
562 886
476 417
280 812
226 679
393 284
603 248
614 769
373 532
260 476
487 624
605 638
453 719
752 248
126 318
678 102
647 711
438 767
479 595
652 669
623 280
974 266
135 773
468 928
987 147
992 973
824 913
756 245
557 973
367 756
232 285
962 977
370 360
931 528
539 271
571 682
299 331
899 475
441 648
202 838
166 372
621 641
321 309
217 903
265 855
439 390
363 915
766 101
247 229
546 204
541 619
104 899
640 944
334 134
802 264
100 260
148 772
793 759
814 919
212 984
850 959
472 932
300 128
685 621
919 414
488 189
987 545
187 917
185 703
887 947
926 606
526 844
763 833
140 977
399 106
133 539
198 380
599 196
138 808
108 535
755 284
223 284
170 201
252 582
402 406
339 835
264 898
142 472
298 359
341 704
603 809
431 536
154 476
935 144
853 205
565 771
521 890
142 616
321 287
588 532
809 522
650 973
769 998
649 573
289 668
458 225
206 878
475 423
898 838
613 189
118 795
772 576
291 590
594 171
225 512
258 113
246 665
134 390
351 137
750 570
504 593
681 751
264 963
479 757
342 468
254 470
599 611
966 224
121 343
605 121
942 382
832 929
243 285
557 541
468 612
255 585
509 379
111 491
447 204
541 578
322 239
145 235
813 933
155 689
397 992
832 204
621 331
315 688
657 732
562 377
299 611
185 523
940 637
552 108
953 526
509 720
673 292
519 586
698 239
889 488
319 826
120 582
272 401
605 417
518 894
837 299
203 649
616 935
150 857
600 966
888 346
371 197
651 530
595 751
845 950
478 426
410 957
675 582
839 353
613 686
615 605
711 293
807 567
689 177
889 115
855 356
385 116
916 314
448 691
167 979
330 269
629 618
307 948
487 586
557 211
986 693
963 454
733 312
338 621
275 412
342 159
505 209
747 198
951 202
793 921
705 346
369 789
657 921
267 120
625 620
651 483
940 665
511 311
148 582
551 236
148 808
458 696
683 436
311 531
675 457
484 412
570 486
199 900
790 874
781 419
588 232
434 980
676 631
353 506
248 551
317 619
497 627
890 646
355 901
994 105
425 433
838 832
506 538
682 652
875 162
935 242
260 391
967 672
728 960
928 196
687 257
278 217
685 781
334 945
583 681
158 990
980 786
849 630
163 131
896 125
478 926
651 720
198 529
156 488
384 582
172 565
239 223
370 288
197 314
760 848
221 310
487 794
524 538
429 359
435 682
283 381
252 859
355 672
801 756
948 437
611 122
867 175
894 704
965 731
287 105
483 735
404 550
936 796
856 267
849 817
465 815
542 475
340 410
776 394
955 476
952 466
690 839
494 432
506 343
618 860
337 836
573 838
902 380
977 322
544 667
665 419
464 469
183 813
756 116
138 472
671 388
288 835
157 289
928 882
563 221
981 462
329 273
424 948
227 815
355 221
122 755
699 156
179 923
275 945
438 707
976 741
458 681
356 434
343 707
494 875
537 174
101 541
282 498
963 822
158 318
366 808
753 277
285 743
296 187
441 846
409 729
246 167
326 986
190 524
578 839
438 862
825 850
619 188
728 338
422 923
113 460
324 564
735 378
559 771
517 641
882 405
799 533
463 691
895 426
831 695
670 834
377 239
199 460
933 329
111 868
493 952
632 430
670 148
695 680
719 469
828 707
705 787
660 676
755 750
507 215
142 568
683 421
373 344
550 731
323 106
746 530
617 732
564 505
705 719
848 203
140 795
339 442
496 300
856 715
712 346
813 126
685 235
228 358
870 559
946 611
666 959
942 353
973 954
649 791
676 517
406 825
356 188
784 516
852 651
486 638
453 861
149 800
107 901
130 995
389 712
574 896
419 853
526 106
673 925
476 969
623 719
580 476
879 497
743 436
680 404
639 970
298 482
617 400
652 448
137 256
125 112
583 276
635 102
975 690
134 929
338 807
839 645
848 403
166 337
919 922
365 139
344 112
673 530
973 771
199 498
581 886
978 188
475 954
930 334
212 515
536 295
854 659
847 912
730 369
381 372
431 650
825 396
330 249
305 472
288 290
916 850
647 753
182 686
542 133
322 203
626 398
906 105
301 584
411 607
866 474
475 406
462 734
336 687
396 195
730 607
195 431
586 323
791 848
312 771
225 777
872 682
869 469
265 944
684 610
414 776
132 451
120 870
311 375
919 841
647 454
430 977
708 259
625 712
404 466
362 694
385 575
762 906
886 284
922 553
431 365
466 145
620 249
361 173
585 783
919 197
885 345
146 282
501 172
841 189
993 577
614 187
641 532
279 474
497 126
708 887
868 181
526 817
959 163
203 673
213 710
327 457
821 628
979 905
325 984
162 512
568 890
477 389
903 794
595 495
938 961
136 371
435 158
585 360
291 216
912 235
573 823
820 134
240 558
774 389
694 932
195 690
963 582
699 476
376 341
439 803
113 706
230 864
574 997
515 356
461 576
237 637
579 877
754 778
613 969
459 410
697 892
968 868
315 883
681 717
250 668
965 510
493 176
498 995
992 949
298 809
767 170
331 446
116 963
827 764
776 199
988 447
837 626
203 308
741 897
849 456
865 446
757 833
330 817
430 589
804 614
773 937
527 760
295 561
943 545
566 253
496 373
995 237
839 893
811 416
515 706
604 707
328 530
439 555
709 405
325 879
323 117
826 370
564 351
561 939
111 482
174 354
959 620
856 726
312 804
401 778
741 941
391 253
891 181
265 190
604 991
449 650
873 525
723 381
809 925
320 507
909 142
466 169
716 666
688 411
743 611
537 545
763 663
421 601
513 959
129 556
951 179
853 243
467 796
811 894
128 498
633 985
253 374
994 208
871 684
629 388
263 971
888 611
813 524
902 465
281 859
332 770
548 686
204 786
147 895
426 779
101 125
639 231
183 198
313 614
397 420
448 722
635 806
231 420
204 389
898 620
472 130
309 296
619 140
492 610
108 637
195 102
995 515
187 118
821 233
711 830
259 613
165 395
719 400
633 184
312 105
166 261
414 982
774 750
384 898
447 489
495 325
271 859
803 460
517 463
652 362
469 807
384 902
228 618
524 952
955 987
709 180
157 782
678 336
858 734
710 754
301 700
159 579
715 681
883 174
454 367
511 309
797 639
323 661
529 544
366 274
167 888
595 875
364 441
924 855
549 184
733 560
446 163
279 763
815 321
802 347
506 615
368 541
188 781
916 769
788 178
116 379
415 937
484 538
250 736
716 649
297 901
269 937
236 203
490 986
322 548
630 272
220 387
100 972
222 857
803 993
987 962
592 788
612 397
637 571
534 423
302 886
148 223
618 840
202 831
619 360
863 406
300 767
473 734
131 910
962 767
731 516
640 960
976 991
315 754
804 902
620 358
387 456
912 889
724 506
219 971
419 349
595 446
865 732
196 935
735 245
242 219
437 875
837 808
649 697
652 878
352 199
995 735
743 921
443 251
864 870
727 446
509 548
521 574
220 835
558 883
265 206
961 113
590 581
727 442
208 319
558 537
449 775
735 973
953 438
188 810
625 750
595 390
792 864
938 491
178 729
688 674
470 796
289 567
224 145
361 689
305 842
377 595
662 427
982 302
183 827
634 974
631 606
245 634
856 838
122 748
177 264
366 390
262 995
314 401
661 907
248 472
156 527
338 458
638 116
239 326
404 524
527 152
852 809
535 617
383 911
792 217
942 102
754 758
711 727
292 715
128 285
693 311
708 165
390 876
927 720
845 592
990 307
761 571
732 118
835 243
955 692
733 281
924 859
273 243
730 813
334 772
465 254
583 388
316 132
745 579
969 676
459 649
362 124
524 890
909 433
752 945
732 607
766 246
579 883
238 840
524 384
605 673
790 552
257 871
713 997
686 211
714 821
486 491
559 510
328 292
894 339
340 948
873 471
832 629
226 481
433 964
693 120
424 579
341 675
468 447
565 254
421 771
171 525
460 117
580 541
427 901
167 343
668 647
990 262
702 125
680 510
228 652
451 284
122 215
117 957
879 449
466 895
680 867
687 553
139 725
113 569
181 167
350 602
563 943
267 117
186 835
269 403
223 912
716 764
498 715
690 252
110 394
449 887
247 959
250 563
931 557
652 187
506 674
252 681
575 248
990 269
108 166
593 365
745 413
339 142
990 753
719 733
694 405
297 470
756 142
885 777
388 572
244 532
384 267
174 162
623 367
906 566
994 889
559 552
800 868
364 123
646 460
244 900
815 445
671 799
832 412
310 551
897 740
829 512
470 928
312 571
505 483
740 171
595 239
690 428
860 322
948 426
165 698
514 309
645 348
611 677
127 772
677 265
591 389
828 348
904 587
771 960
347 552
863 989
232 955
714 513
470 259
252 707
902 136
751 674
901 470
268 994
197 149
753 746
516 489
572 590
169 455
423 544
804 336
505 762
635 785
739 776
162 510
188 166
231 340
135 709
257 907
600 398
229 955
294 669
164 645
781 420
493 332
717 183
648 775
305 797
414 779
286 660
669 549
692 242
763 833
222 595
148 723
181 350
473 758
206 668
186 306
832 868
775 212
976 803
579 855
451 482
121 756
192 365
602 228
181 712
596 340
308 378
506 106
711 180
235 849
269 671
709 146
820 211
748 917
547 354
588 362
178 816
742 157
327 205
204 325
859 850
344 375
428 358
526 830
919 674
937 639
539 416
984 385
989 523
998 914
703 474
685 356
171 401
539 482
220 734
121 112
643 467
997 810
894 907
386 811
844 755
542 389
678 548
372 238
512 868
503 336
301 557
361 990
611 100
782 897
303 905
477 452
644 924
209 778
455 946
245 345
977 528
198 678
340 520
697 366
553 210
571 607
131 529
937 556
979 763
766 565
341 714
488 752
465 886
686 983
134 260
998 154
311 994
197 156
639 362
946 208
929 905
626 827
687 936
517 749
875 764
236 748
559 157
184 881
642 131
667 784
481 516
710 231
176 575
674 504
376 919
670 187
467 671
274 786
754 409
536 460
160 548
633 474
718 289
139 241
892 936
409 371
691 464
523 815
584 530
484 676
734 686
387 703
316 777
372 288
480 287
910 692
134 394
314 913
423 484
414 771
144 326
816 478
933 567
365 743
188 215
838 927
792 681
566 956
444 216
930 189
324 891
164 681
766 958
132 857
481 369
864 926
165 511
871 153
303 949
689 834
629 431
115 521
962 754
387 996
978 987
682 553
151 531
202 482
743 742
929 763
198 165
503 801
676 105
216 954
672 807
380 412
859 745
682 596
905 398
826 454
737 604
496 744
356 498
934 230
121 831
605 412
687 926
572 405
973 213
359 791
700 751
752 284
213 666
844 533
973 817
725 679
564 198
403 868
970 520
720 500
886 944
561 791
141 115
205 132
369 238
378 171
279 358
300 344
268 469
617 982
464 316
161 548
698 730
178 409
367 760
517 159
381 376
193 449
264 463
591 513
591 294
198 431
475 435
539 212
303 679
549 524
318 300
184 876
972 517
224 949
772 753
455 751
265 705
958 462
882 458
252 355
765 995
693 348
531 723
436 969
164 168
197 235
546 372
578 944
106 224
728 234
833 733
443 685
295 669
622 130
472 283
308 897
533 300
680 444
392 639
123 238
177 448
253 757
649 161
589 740
473 641
350 837
363 748
757 827
800 493
707 751
189 459
372 532
784 233
841 645
544 555
609 555
155 681
889 868
897 893
785 637
886 726
258 689
297 397
999 993
410 309
204 647
429 681
300 733
116 178
436 883
440 386
795 567
788 678
337 467
576 401
978 318
682 244
463 802
936 517
849 711
472 121
617 857
613 323
756 596
359 256
218 774
509 977
570 137
606 368
492 186
443 617
348 201
333 434
336 405
976 596
864 615
347 542
798 814
962 777
459 242
684 954
841 737
573 807
639 359
712 542
703 541
161 253
277 268
626 622
245 288
320 771
651 913
865 355
679 176
980 673
249 838
813 459
349 728
375 876
700 769
299 446
225 101
649 675
870 219
788 185
223 203
358 435
590 943
450 688
216 565
365 830
598 140
972 118
261 238
168 890
187 968
304 816
575 397
528 822
822 133
827 476
198 580
385 775
466 654
561 545
713 106
425 578
188 451
232 324
460 222
163 569
891 276
527 119
109 595
791 405
707 112
703 349
481 302
338 603
149 497
567 703
728 851
594 902
942 865
971 410
913 534
314 496
319 747
218 265
679 346
615 769
828 490
876 234
433 923
963 683
404 747
506 647
573 689
341 800
404 776
299 535
570 287
995 293
936 429
328 280
756 587
601 757
933 576
756 506
969 965
564 497
417 828
768 174
683 798
738 800
836 424
879 654
943 513
570 418
995 991
498 197
219 440
732 889
515 202
426 118
992 221
109 984
301 762
276 841
220 437
861 524
157 319
160 624
546 390
541 159
678 128
145 517
757 656
633 773
195 482
866 911
888 415
448 755
526 642
261 707
520 137
329 182
285 189
303 457
265 274
229 468
803 284
141 723
378 492
256 262
998 845
582 532
154 522
953 449
141 589
643 677
855 882
405 347
835 162
930 270
515 665
673 187
924 491
264 172
844 805
687 303
102 390
479 262
398 162
458 835
565 892
302 298
356 202
587 708
451 578
202 737
393 791
402 485
993 327
624 997
620 983
809 663
457 455
279 396
440 373
231 217
293 878
279 380
822 895
742 874
409 321
310 818
953 206
988 690
965 229
994 611
127 784
424 649
147 747
219 443
600 431
831 797
163 949
452 461
624 185
421 758
671 723
709 661
383 147
283 685
863 183
776 789
330 468
987 644
756 213
121 507
314 376
492 489
103 281
180 191
945 431
668 266
594 832
190 469
587 285
960 449
724 405
439 131
466 419
134 936
896 608
942 643
481 501
898 264
767 604
351 488
802 190
798 987
371 584
110 986
249 832
349 650
941 532
307 682
153 837
284 137
896 504
789 911
742 683
649 308
491 788
946 420
141 694
353 167
754 887
851 820
125 732
670 115
645 946
604 449
655 789
552 549
259 787
650 332
914 888
194 904
326 408
673 441
349 585
410 766
354 147
420 729
431 935
642 962
703 708
972 987
174 571
996 158
770 601
876 769
790 550
948 939
406 928
803 666
547 840
439 766
658 811
440 910
621 144
358 824
182 199
300 885
523 212
127 852
590 388
521 971
565 241
704 880
934 395
789 918
147 614
276 704
626 598
529 906
181 130
159 384
105 180
804 248
354 139
756 607
463 917
512 882
831 609
123 228
913 755
696 535
491 312
121 798
817 655
689 911
786 901
935 310
112 608
763 555
942 595
615 991
844 250
617 322
749 667
790 203
863 799
788 190
517 638
820 576
227 874
523 212
427 942
743 154
482 618
196 625
712 657
606 335
826 749
297 193
701 965
609 212
149 183
146 837
864 116
412 878
226 996
644 536
358 981
529 416
816 279
215 983
211 828
802 934
697 317
486 677
901 265
739 683
684 886
911 950
204 791
409 459
901 278
903 786
837 376
194 538
471 489
776 838
832 934
792 707
315 360
141 199
459 572
875 870
338 347
221 864
971 358
359 297
654 983
237 482
613 138
113 294
732 390
884 897
232 801
560 366
963 171
567 947
633 699
804 976
993 498
682 279
802 845
395 356
620 277
936 151
882 841
775 532
935 141
486 596
383 942
667 304
447 689
248 620
875 480
170 649
404 973
656 792
806 478
876 697
105 565
695 181
403 454
267 732
135 307
670 928
930 111
839 774
106 820
572 343
356 914
599 594
548 259
354 267
234 643
864 617
266 489
912 390
812 765
681 600
576 484
632 979
456 103
538 916
692 810
783 349
527 937
352 637
408 116
946 683
121 824
138 901
682 374
938 743
977 642
402 614
713 623
966 766
773 721
827 766
932 931
710 869
762 274
482 110
793 133
557 173
850 471
627 689
351 747
541 952
245 658
912 501
620 990
127 723
655 690
573 837
297 771
260 200
806 175
665 239
348 937
175 262
560 424
446 643
717 423
293 181
182 347
145 131
464 120
164 730
411 822
346 224
288 889
299 577
602 272
890 361
708 501
628 761
637 645
719 484
644 816
146 561
887 143
568 769
963 543
230 240
232 340
999 654
811 793
359 305
336 500
566 988
642 314
386 327
287 154
258 771
884 812
309 247
795 274
282 492
937 298
194 779
401 852
289 301
937 795
822 970
496 933
110 430
296 113
564 886
367 183
392 471
217 207
574 906
970 383
984 740
616 916
725 499
446 441
829 507
445 356
672 701
139 247
509 389
103 759
895 254
181 686
416 386
182 540
786 366
578 732
165 815
523 203
828 676
728 181
160 462
710 531
892 743
601 922
785 265
368 808
724 377
452 255
424 353
746 693
887 497
519 450
692 175
204 355
425 406
593 345
208 765
461 821
866 356
954 297
407 756
600 576
839 623
439 868
635 406
198 841
365 466
353 593
255 138
546 973
110 438
407 554
373 282
431 626
477 970
638 550
761 890
413 933
105 984
603 313
436 448
652 793
775 264
940 157
227 123
529 616
658 858
245 659
603 106
841 467
985 908
198 440
399 294
667 274
661 511
939 201
487 146
205 483
242 309
184 974
139 443
717 890
380 403
259 681
622 228
736 406
963 565
577 475
281 425
347 942
273 427
415 535
267 985
577 500
360 548
982 923
494 448
833 181
440 334
746 178
183 193
381 109
826 588
253 328
590 351
814 452
545 935
140 380
563 727
136 913
212 145
887 737
232 275
200 559
888 644
515 189
399 546
436 253
521 722
372 242
109 314
459 620
860 690
270 771
858 478
181 478
208 678
190 124
237 218
159 980
721 667
176 972
162 562
574 940
329 370
275 711
890 511
598 526
470 509
105 744
788 636
170 940
516 907
943 447
393 482
816 365
838 795
683 594
661 458
955 875
189 375
347 217
259 303
428 417
235 128
225 443
120 481
745 260
357 644
506 385
896 199
144 252
139 517
828 585
997 810
834 769
135 568
739 156
965 864
600 405
732 738
155 839
482 624
453 965
146 271
976 494
102 790
701 798
693 909
538 967
174 853
651 532
543 255
145 190
149 226
902 872
374 389
600 951
664 647
371 813
168 299
309 442
829 411
537 557
995 310
247 760
888 342
573 894
332 575
114 181
733 686
392 211
832 706
810 945
328 971
483 968
367 135
587 493
167 851
104 599
566 673
627 936
676 939
506 558
939 240
880 438
297 458
686 880
507 609
274 787
121 452
385 359
481 741
762 525
930 779
841 429
161 744
333 802
308 480
814 224
344 584
698 702
855 174
738 267
609 627
325 686
983 179
170 479
598 435
946 444
858 919
786 540
884 507
563 858
241 348
550 548
377 368
448 953
201 216
746 337
172 710
909 725
477 430
730 647
704 509
696 592
870 894
484 338
350 115
923 978
959 788
680 903
344 999
838 404
964 348
296 914
172 148
231 692
912 399
562 783
818 284
700 341
218 334
704 600
439 592
462 580
399 633
171 370
355 699
582 699
152 856
771 447
532 537
641 540
463 368
825 748
419 383
137 109
660 479
129 925
476 876
453 649
817 617
887 178
222 838
662 953
989 845
790 137
327 957
294 895
976 341
720 662
214 973
176 303
184 604
513 732
403 885
598 782
803 746
829 687
138 477
562 998
643 823
525 832
487 712
727 265
942 557
109 474
356 317
891 846
178 504
200 503
567 941
269 927
105 268
728 997
634 987
194 129
246 509
846 848
587 149
840 135
390 967
147 296
360 463
462 284
495 856
415 190
964 445
561 551
869 208
635 560
783 249
831 518
508 125
117 646
532 948
601 162
969 663
754 840
245 553
130 894
933 169
670 370
578 587
986 389
990 104
347 875
832 400
551 749
987 902
392 136
299 757
820 173
759 604
413 802
157 403
984 866
185 505
903 464
693 371
317 267
690 741
583 947
398 552
416 964
371 376
697 385
604 176
447 381
572 276
536 719
692 519
148 290
609 974
298 266
891 690
741 384
499 248
314 408
844 721
353 491
571 121
310 212
393 579
982 416
984 438
514 538
340 291
112 885
519 686
455 850
598 420
163 630
536 261
514 308
246 656
550 938
132 998
344 515
312 523
897 172
736 806
488 285
772 804
883 511
452 677
840 856
148 547
669 468
743 195
224 829
273 596
404 478
829 890
243 580
720 102
686 633
722 729
818 757
271 252
261 509
765 506
279 135
301 600
195 416
800 594
563 733
780 525
299 180
453 485
923 669
999 336
188 614
130 169
348 400
729 355
579 763
763 871
940 332
597 902
532 798
244 577
612 403
327 216
451 301
511 810
678 898
135 501
173 814
756 984
123 729
375 504
960 230
185 805
639 483
229 631
253 689
551 960
663 569
239 337
480 137
582 287
528 383
181 935
700 508
603 109
755 344
893 728
674 312
796 374
393 881
635 242
175 484
165 306
504 651
666 208
947 806
105 720
804 674
437 184
838 722
143 522
549 857
508 927
113 865
813 807
154 867
409 372
147 558
496 682
245 625
138 823
977 322
481 787
829 245
584 327
848 219
343 468
144 744
959 799
130 114
508 113
867 251
892 319
120 900
749 882
742 716
734 321
235 697
262 342
399 893
379 613
672 350
239 343
599 325
453 982
733 768
445 496
708 182
948 141
966 832
946 152
809 929
992 923
254 862
850 821
529 677
522 779
937 643
549 144
690 748
379 452
965 637
543 461
406 735
587 254
747 223
832 840
208 390
243 367
837 503
892 493
315 841
828 249
815 472
267 842
461 466
953 771
280 859
150 371
920 628
500 417
874 147
574 955
597 104
731 999
615 705
585 328
849 984
693 912
818 565
803 134
793 374
565 342
557 314
854 473
827 625
551 655
519 470
297 896
860 347
540 801
477 615
127 983
144 261
