100
54 44
53 33
33 23
47 57
64 14
76 6
7 97
41 91
11 21
31 81
80 30
61 1
73 93
97 47
31 1
27 37
58 8
13 83
14 94
13 23
52 72
1 11
54 24
58 48
54 64
58 78
85 15
89 69
27 77
99 29
30 20
51 41
89 29
26 96
73 63
17 47
72 92
21 91
16 86
8 78
34 94
64 74
94 74
70 60
60 40
25 65
96 46
24 34
61 71
30 100
69 59
53 63
39 19
37 77
54 74
33 43
5 35
4 34
35 25
61 31
6 26
18 28
62 12
42 72
71 41
66 76
68 98
6 46
15 25
40 80
5 25
61 91
68 48
71 81
48 8
23 93
97 7
2 72
35 5
56 66
43 33
37 67
87 97
24 64
7 17
40 90
1 31
98 48
94 44
3 33
24 14
60 90
47 17
40 30
62 92
85 5
69 99
5 15
47 77
51 61
70 60
13 83
98 8
47 77
82 62
75 35
31 41
92 82
89 39
51 41
43 93
23 53
32 52
100 60
45 85
59 99
22 62
86 6
86 26
66 56
31 51
100 20
77 7
1 11
85 15
25 95
72 82
23 43
74 94
36 46
92 72
55 15
57 7
50 60
1 21
90 20
8 68
98 58
27 37
35 75
58 98
96 76
88 78
49 19
13 63
48 88
5 45
40 30
66 36
44 14
23 3
22 92
71 81
41 51
27 47
78 88
58 68
17 27
42 72
14 24
33 83
84 4
66 6
68 38
87 47
63 43
31 41
2 22
11 91
74 34
76 96
9 79
53 3
68 98
57 67
2 12
44 14
100 20
11 41
35 65
89 99
36 46
79 49
30 40
22 2
9 19
33 43
9 69
4 14
75 65
10 20
12 22
35 45
52 42
68 28
50 80
14 44
58 28
90 70
67 27
28 98
72 52
79 99
38 28
23 33
92 62
91 61
34 64
63 73
95 15
36 86
67 7
53 23
79 99
94 54
34 74
70 10
80 100
68 58
48 88
72 42
21 1
47 87
14 44
5 35
13 33
36 46
76 86
28 38
85 5
98 8
32 42
95 85
40 10
23 3
95 85
39 49
81 91
25 45
68 98
49 59
99 79
67 77
51 31
29 99
20 30
32 2
90 50
81 21
18 28
56 46
95 55
99 39
73 23
49 99
75 85
83 13
67 97
87 77
31 41
79 89
26 56
27 77
96 76
73 63
78 68
90 100
23 43
11 1
1 61
89 69
14 4
48 58
62 32
82 42
63 73
85 5
57 27
10 90
51 91
18 88
25 35
74 84
83 93
36 26
83 73
12 92
27 77
86 96
87 7
58 48
24 34
36 86
48 28
31 81
27 97
32 22
55 65
9 29
21 71
49 59
79 19
6 16
59 69
62 2
8 48
69 79
26 36
84 34
88 48
87 67
42 52
46 56
5 95
75 85
49 59
42 32
24 84
92 22
35 65
3 73
2 72
85 25
31 71
3 13
4 64
76 16
60 70
14 4
39 49
39 89
27 87
90 10
25 75
86 96
10 100
25 65
90 10
77 87
65 25
83 93
37 47
33 93
22 32
26 86
71 31
80 90
60 80
86 36
39 29
14 44
71 41
73 43
47 27
79 99
68 88
48 78
44 34
38 48
71 21
18 8
35 25
12 42
14 54
70 40
1 81
34 14
11 91
23 63
94 54
47 57
19 89
42 82
53 73
96 36
33 3
44 54
49 89
66 96
34 44
29 99
47 17
71 61
36 16
40 50
62 42
19 29
61 41
24 4
86 16
37 87
58 38
28 68
58 68
44 94
43 53
19 89
18 68
27 87
80 40
2 52
63 73
89 79
34 44
8 38
79 89
21 31
99 69
87 47
75 45
14 24
90 100
20 40
19 49
69 89
39 59
2 92
82 92
45 55
31 51
65 75
54 34
3 33
8 18
40 50
47 27
33 63
62 72
4 44
6 66
26 46
42 2
73 83
68 78
52 62
16 26
80 100
84 94
92 42
95 15
39 29
89 49
60 30
56 96
28 88
65 25
25 85
56 26
86 16
61 11
57 7
24 54
89 49
66 86
66 56
80 20
76 46
80 10
91 61
85 95
6 56
67 87
43 53
56 66
100 60
24 44
100 20
82 72
32 52
99 9
52 12
83 23
95 15
81 41
22 62
67 17
68 98
29 39
61 21
70 20
5 15
95 25
57 37
7 17
44 94
32 62
82 22
97 47
70 80
83 3
87 27
36 76
46 76
88 98
85 65
20 80
20 10
85 15
33 43
70 80
